84607 13858356
76169 839866
6627 7978946
98611 4872752
81269 6633311
34221 4191591
53573 11199449
57421 15559817
8351 6352221
63801 4028003
80831 15719891
43083 14501522
53307 5193619
2701 5886477
21193 10876895
51051 4561794
73347 10874125
3293 3819431
60573 10418571
67445 11537657
97309 14373307
92555 15536348
15823 4153457
25793 3956134
10687 7379062
14517 9350191
56805 3356305
26937 13758635
29813 7566273
61307 14916336
32127 7500388
51075 60112
94323 5340373
525 225630
151 12985
11945 6818594
42477 8780614
74793 3060938
98675 10626471
51345 10557337
75323 2909180
7911 3619866
78195 1535857
19083 10198731
97771 12518371
83687 4494234
37283 8935542
45821 1500894
71237 12828092
43099 14272906
30333 12755248
79183 669274
10033 8077021
36471 13206731
12281 11034447
40005 9363928
39677 11036833
12479 12104593
30833 9984972
69837 1163890
83153 3683944
45801 4914537
52747 16169352
83045 198714
7161 13416870
82759 2939504
42331 2184390
24477 2068809
61287 8142285
50845 1685923
22805 4043243
98027 1303766
95111 10003836
40785 5148959
85699 479189
48013 14921439
73065 10891752
70401 3752062
54933 11470144
95919 1676694
88777 11214822
37703 15840444
56845 8799352
39947 4080394
79823 9614596
71395 16097409
83245 3057690
5507 7884803
67251 7174397
41557 14380403
76681 14374299
79661 7572366
80539 12963574
5425 7553933
78215 5024956
49565 179001
40279 13213533
62881 1969917
719 452810
32169 15506930
49773 14907647
51631 1923226
53685 15060377
81417 8817040
26601 1030219
90849 2511463
16527 13135836
51029 3086153
36349 15327113
11183 341932
82295 16542204
49869 12415828
73071 1984712
13591 9751363
88947 8571022
32595 12788679
14985 15756223
41527 16331167
36117 10375325
30005 2517883
64365 13701004
3089 4737471
34061 3374750
90299 137175
90941 6630017
52911 3436414
66465 15788730
10955 2955684
74151 1731934
67785 11661930
19931 10919934
67155 5562812
41789 8174654
93551 14558094
3497 9815073
55633 6057477
16519 6759749
94617 10943605
75673 16738653
22249 16329136
65205 10460059
43195 10158911
67747 1849066
49831 13265035
44215 9617983
13247 11142488
7909 1161699
78835 4703045
6627 9187008
98641 9263089
57581 12052352
1753 1255414
29553 10184464
28175 12894718
20241 2277487
32621 421084
25279 7447802
44535 16122492
94611 13650760
1753 1351246
15171 513906
16125 10654437
34317 8239526
5373 15759441
82089 10033660
2947 6926318
37069 587374
77695 8080888
15513 7692254
56599 5111979
42723 1750273
86683 8732516
73151 15854926
31387 5811872
66555 5484758
32513 6032341
24307 11975637
30099 9513440
94277 10302420
34445 5559714
19331 5538301
63793 4994869
32925 4387030
69703 2383474
64755 654753
53071 295319
62151 1293844
25031 16380371
79781 5199099
75379 9242321
46147 224397
94999 7781876
34533 6191409
65141 1745332
64393 7340010
39603 10588790
46869 8499033
75085 8397248
42243 5028844
85783 10872202
86079 1995430
12171 7281578
81445 11862816
90069 8342785
14205 12448222
64835 16302269
75971 8728030
81591 9934511
73721 12832273
53877 4056608
33403 9143234
5335 10536127
29131 7314684
52603 989528
65927 11514251
16505 500369
67195 2407481
73331 15404959
26783 3645712
94595 14762643
65347 11466716
69661 15093351
35643 6264900
34341 9016714
14329 595220
53271 15676494
89923 6798412
60493 3506134
58075 8613313
75657 6961040
95671 7528620
71913 3696060
83301 12305771
39989 6277487
92015 5667034
76835 6819530
43361 1617058
96341 9860421
19183 14292176
46223 15181551
46641 8639525
97245 5131150
67489 13492883
65843 10499067
98835 12611699
47079 13909176
76307 12984070
60039 10473348
79899 13517062
1399 891177
80697 10899460
71727 3729802
36071 14201220
79379 10551700
17189 4756162
50685 6645247
69853 1073665
29853 3152444
533 81606
83083 5538569
54199 1803471
28491 11622031
86079 10065442
47865 14730225
36507 14771622
76559 8967703
5363 13332413
52579 1396928
42355 15765447
28469 10570227
85403 7433957
5599 2524006
95423 12736140
81913 12345843
39859 6986323
4197 4043445
32981 10896936
26757 15195245
20615 9516041
61255 13368981
59941 11021346
72933 5452591
54027 1312463
77697 10394388
18641 12701767
46221 653524
97923 8483487
23995 8858083
60153 534739
19013 2793804
82201 14192415
13019 1265364
31941 7796440
9649 3157481
10099 782156
32291 14282441
88291 520591
50605 14171416
13109 15153223
81263 10775299
71379 7893094
55847 7510227
53609 1845531
84879 6079741
20949 13381039
66339 726839
19887 8030386
18229 11134458
15781 5992456
13147 10571040
39737 11589866
92809 11460089
76553 8046669
98023 9156647
55381 3012549
53049 14795148
1699 329354
55741 14390699
18021 1754921
47407 10481207
10663 15349067
38479 2969509
85187 5737866
85023 2233210
59033 10591229
87033 7043661
5777 9313649
77493 14713455
64443 8950550
78845 10491376
44935 11108024
25187 5577277
71935 11642978
6297 14102380
44189 10794915
86183 9386345
81115 14415709
40211 5763321
91783 4526714
25337 10832282
73733 15979238
85351 13504945
23899 15938336
62343 2496363
61925 11154820
87803 634467
52741 63575
55531 2436637
1243 200981
63169 13932737
98261 11576919
86783 3584100
4553 12574042
1215 740112
36835 6683775
87807 2502979
7355 14499357
21461 7399831
55367 10122036
89819 10528656
27779 6329888
84621 13302254
46687 2951771
7329 331546
28885 15580625
40263 3314636
16803 14414031
70047 15300908
17297 15507753
16657 4151181
72769 15617653
8649 6709392
8841 13602547
97349 11284316
18125 2894115
2145 3926303
64697 9871548
98835 1446154
94463 13870431
77119 8840976
63091 10149828
81011 12918978
25829 10147588
28987 11146229
83037 10917360
19969 15157428
56857 13149031
63269 3915122
78181 15986625
94131 16401942
19661 11378622
22733 12864785
9543 3250015
63267 10292988
57463 439548
61967 4919877
17545 10309257
96905 14149299
32651 13821867
46585 1113733
28039 10453991
44031 10344123
69003 8588746
86441 882661
20721 3427520
35823 5410769
98107 9809607
97283 116371
49023 3270975
7477 11896551
82009 10722577
65347 14967880
64261 2629831
64509 15081455
2061 623553
65173 10776387
47375 7136800
49575 6606709
24697 13809552
21003 10446625
35675 9315058
85299 9512905
69757 1593713
99073 1848299
53339 6477652
78793 14585315
68257 8914537
40069 1627558
50379 823338
56201 8919470
9001 3880494
76175 9421049
7363 8287257
4269 10665527
52153 15070131
79747 12558725
42417 6204804
23473 1894756
30805 11935783
37299 9593980
9917 10251772
4809 8556118
1173 1205068
19473 4439232
14045 14236332
8049 7915148
19361 6007940
52675 9018472
94911 5137881
24639 11920354
87673 14842796
68495 7201223
52853 3001883
35617 6021135
73487 13565367
40917 14123665
4753 1172416
57671 14742858
24967 5210288
38705 7422963
44279 4249682
62645 5195364
2021 2960616
85271 7216066
51383 10109368
92193 7725816
57379 2697620
8165 2795601
71391 11403261
24939 10186631
13691 13741609
21285 4053457
89407 8848954
31085 9565854
50625 1404102
28801 1839614
42135 12351202
72863 3784128
73775 6166452
93637 301225
41207 6821660
19265 2781121
58041 13030823
1955 2430527
61227 14100690
78357 13670917
59609 6616152
68221 8205457
60371 1690076
11895 6598100
42147 1716040
97023 1915169
65543 1786856
71657 15141150
95999 6796231
34995 12059489
94757 1269478
83909 9697379
35615 3518827
7593 6903143
43359 5323845
24303 3674933
69695 16350304
68695 16129584
73501 10973348
52565 3140091
87947 11193772
83931 5396534
11879 11629828
14799 13684836
10293 13407807
85017 16706076
65841 4617502
92311 10594680
32769 15113397
14799 16523595
53593 6738137
93881 6137489
10687 8797028
61229 15414830
19421 12506603
70899 13413751
75483 8204278
8923 4261279
7791 4071476
48395 14191857
25527 3109714
8115 15847915
5619 8486568
72129 10318813
97161 953026
51329 13003935
65887 5062536
79777 14864642
15589 2382209
25677 12232556
24097 9631176
55673 4347454
87215 12093651
38187 13600332
71589 3643372
14489 4219045
46975 8281984
4659 11005780
56727 7687614
93259 12303251
24081 9655129
4241 11122408
39499 9400910
90903 13037689
93187 14016968
76937 4039222
34005 8208080
79439 5397250
64673 12724411
38413 2223532
96727 3892156
9275 6806332
67583 9708803
4983 6687850
47909 7574363
49345 3423031
577 275780
26549 8329145
1403 1357933
24269 1042796
44685 2043213
51565 15092382
76719 1086482
46043 5519445
20415 6972243
40833 12368381
60865 3259010
72467 9891315
79365 12216980
72863 12343870
94531 12722127
27195 10369381
46453 13523889
63193 4023383
81643 9254219
82313 3389842
69153 15366818
87315 3323698
55753 9397597
2071 3504182
82649 13974236
36913 40412
45745 11302674
94387 2201230
91247 13972353
45945 6148437
46873 14265967
58255 12186919
83951 12784684
40389 8521241
36065 3422445
64167 13100222
79269 5796136
35001 5574890
81501 6318839
97563 2286825
3241 261299
53115 6770687
98323 15015665
70163 9351259
1111 796281
92545 16720402
12101 7946557
85473 16286124
40129 471030
4171 14015675
42653 8092411
7469 15282707
30359 2336766
39081 8645586
53309 10611996
81985 545195
79989 8994130
14757 4293348
8485 4671002
35043 1904478
64699 15226121
82543 2221306
74583 5368146
91687 7158578
75401 8087434
98493 16484475
86893 12444534
47627 13291947
64429 6245865
87337 14003
90781 11896194
34667 8064492
5171 991939
1769 595562
65813 3971956
52643 1717736
53905 12023112
34663 13402348
38095 7835125
36941 2175505
95183 1088140
67753 7571885
84613 15456353
85921 13962025
29179 14859886
91049 14039104
80549 11966985
54543 255716
14603 14949802
5571 12549778
37443 13723201
41475 14924794
92447 15051249
61953 2792143
55497 12412426
57143 14236753
1347 867830
64203 3637649
78695 10882806
6831 4226521
39185 16325689
17927 895674
88199 12059556
74765 14164135
68951 14547939
47345 3812807
40395 12293689
26237 13953122
29911 4318886
51305 1764670
49527 10297676
96011 3864503
63693 2854323
57313 1817819
7989 6158872
84497 7831709
56535 1965579
77921 5552546
83419 11197130
40053 337913
44491 14447057
78205 4999092
98739 7299458
4191 15093368
51799 14470569
95253 1437824
45381 381521
49873 9822213
10299 4808096
80625 15948138
1701 2800574
14747 5327376
31089 4098647
8727 16555298
58055 12781178
79577 529064
39401 7183691
70635 9980444
41801 7791625
33653 4969692
47933 1116841
349 16097
11511 12434757
53817 3601713
77605 11636630
72435 12938662
43215 11957935
25293 11972392
48287 15876398
88157 14517734
47449 3688750
68089 8588720
95611 13594795
4683 5801263
9503 7202683
42781 536215
49877 4405642
41237 6391347
51247 3406647
26485 9898564
55441 450975
62115 13189482
47621 2833262
76555 16175821
40157 6913045
59021 12818419
49337 9956617
21587 918416
19795 14499654
26061 5419621
11951 10759337
70271 10791063
21993 12322639
16137 5611777
76531 624306
54469 12287178
95027 1163917
45085 11448321
78465 8278392
53111 1750213
72185 7608723
71635 291373
42199 1382554
49361 9612574
21899 11050385
9651 5611641
34465 14292913
87155 15238790
43415 1454669
55675 9565794
18637 5426731
35223 9910342
24837 13915468
18847 1775885
92317 7077258
69653 14446644
40583 461298
32673 2745210
4695 9759472
24227 10918951
10639 13910374
33555 591270
2275 5124258
74357 186674
71385 5630576
12495 13205451
86119 84715
40879 16248369
59821 13796850
69707 7935454
34473 15503769
77435 12194671
15525 16080485
22441 6643570
75797 12173373
7851 14492940
14093 16189291
2671 3166935
26057 5017395
3959 8817322
98943 7280553
12155 10007588
78005 11941768
96915 9812866
34889 16199565
87995 9550135
63391 16508778
65047 15708033
75617 4322985
72083 1228697
44841 4886848
2235 2506170
63719 3825134
87699 1530901
11735 11398752
4645 13079455
52279 14807111
23559 10365088
46577 9627094
67557 7234928
80983 5077769
96625 16459736
17641 10523732
53293 16332731
78373 10382735
92111 15613642
11627 9872045
36133 7683263
84613 5927165
15327 6534440
46747 16621186
66937 8634467
25467 793431
32937 6586761
16823 1109346
35235 1658645
55659 10840654
29587 6726583
9771 10081685
39779 5417684
8519 11879567
7223 5313303
34613 7681865
69577 4344739
30677 2749331
41457 4129249
12025 15768705
93919 9037761
97621 10640762
14609 1245087
58467 4621761
84863 7091074
39389 14672843
10783 3225637
64053 5360736
71485 7320314
16171 7039230
84475 9654144
25541 15648541
60243 16316740
91963 2891838
9773 10649971
69059 14679880
63469 599018
92273 4324604
17817 14271994
94391 12169336
2173 3678080
58975 1696274
28781 6309832
79511 5551684
73815 9909135
8891 13524842
50795 2050766
23095 2978361
75639 10916846
48949 2333153
76883 15804680
76335 1878461
86849 6278327
59921 12105803
84119 6324312
7705 1850469
54633 1794175
60309 14241833
64543 8438284
85513 12709419
54221 8231370
76147 11862162
31655 9825558
86873 14103767
38287 12115644
84621 11738318
41687 16567861
87237 8149816
70313 1008049
79927 14588230
37437 10582627
15483 5746569
31663 5603695
97411 15419883
64517 858563
65183 4581877
49079 1906954
7949 1421189
99699 8700426
84885 16611131
74969 444570
34697 4337670
40887 14896675
51377 11004614
1037 161403
60449 12094477
68951 4116164
67497 2375176
79299 811508
20693 358591
75281 4488063
79397 2349122
15191 2887217
71827 70119
30861 9579732
55613 11367301
60701 6447018
65447 12523158
74927 10739848
87723 2038861
96073 12273529
42717 60986
68541 4621042
63157 12646365
26335 1747149
61131 15860443
97439 12706936
28267 9915122
67403 639230
13013 10269465
95435 10877356
3729 4182106
29381 13866375
31737 16243043
30733 9287466
17301 649999
21345 278591
19583 12901776
84629 1826430
45483 2864686
56313 7561489
12727 8352155
63005 4508858
37937 9182673
73967 7754603
54807 14708392
95927 10808023
43809 2538921
45809 10220945
26939 9337723
74871 4395382
38209 2567054
56857 12796588
22085 8679703
37819 7521287
47975 10091264
61183 1501803
99843 7570934
32049 2936304
27007 13939005
10971 12885184
10763 4432315
90003 2738339
92731 13672208
5797 11880965
85599 14051486
55897 12633502
87423 1742943
84015 16183720
37301 11267074
82555 5682395
33733 1788917
75499 12898365
20341 6406129
74127 14976952
4233 13968015
5645 8846709
70993 3350638
43745 8972933
41825 4076012
44713 12330761
12227 9013452
64251 5325834
14077 1534538
11143 2352648
22209 8784031
41685 13136743
12949 9291721
18317 5336080
60083 7092014
53383 15957498
27845 14309120
80755 4101735
7351 12064978
73783 10586943
49303 3649274
87649 12955694
8821 16342179
87659 5366504
49815 5355505
87911 659725
58613 4741029
21627 14856997
28347 6541763
20223 2709667
4431 2571137
1809 2286586
37293 10233303
33979 9085004
50183 5434738
56197 15117683
77379 14606987
3633 9266754
17111 15699589
70799 3656096
16205 13637168
12021 16599712
61623 5226171
98467 1904207
22305 1400594
62211 6890930
31455 96516
56473 16770367
9881 8401051
73483 11405971
18519 6451975
5529 9557185
2429 2346035
95277 7763011
91639 2971757
64899 9633976
78779 16090962
18515 8172091
84249 5204637
73861 14734606
96969 14497574
19899 10089900
78769 10550828
4083 6129396
13981 6842118
5465 15709911
22105 5696052
39047 8804990
82831 15262271
81969 6721525
57705 4005282
64261 3860661
27 101
91569 6920272
40083 3086143
61233 13086685
48299 9031701
36163 9007106
45321 11990876
76011 7817532
39475 12678648
73543 3987501
76919 5717897
15675 426269
6895 10187617
27259 10440430
8193 8653174
62055 3325574
25133 6806837
84463 16504157
10657 4639268
59801 12755531
63993 12287124
96773 12353933
55863 6319692
45455 16593415
89627 7056642
71615 15604037
99633 2009861
39535 1261380
80723 595681
92027 15824858
4717 8583345
8963 9989009
69397 11745287
31189 13367331
25019 10918765
10123 9818051
90625 5462157
39255 16480786
32913 4251167
56273 13171720
62171 12946789
92985 12547990
15953 2734562
77419 288245
93703 13539239
54913 1664964
6431 6806420
62925 15626442
71463 2929960
55529 15804805
65831 10866014
57333 1297051
87021 16008249
29281 2484664
88271 3125199
67751 2161474
98925 7267334
32655 10039809
29347 7839758
94635 15818203
35457 3539851
28755 14544154
5341 3151082
4239 4069084
31549 4491274
89197 4900318
31363 10969459
36791 8225200
95177 11762207
59003 5404074
14099 7761465
22979 4698936
91597 6812312
12765 16611652
11157 950662
42395 13120510
65735 11236395
82275 12218968
79657 15714866
40471 15550546
70707 1467160
55811 7473567
42385 6814485
33423 13602566
59887 14255395
86075 12552787
62849 9701069
28063 14502453
70109 15150850
98739 411813
75135 1452353
96771 11566055
34717 15851300
4473 13023670
94253 16139901
96333 14266234
27245 12708054
60221 11034716
35601 909933
83317 8138053
2953 7747437
22163 5677665
74559 11646731
66667 4501344
83703 10122970
76677 12870494
18541 9615991
97049 9222747
78331 16569866
41769 6975933
28007 7748011
86531 3695718
80349 8858402
6751 9579994
61163 2211358
69235 9844659
95141 4224225
5141 16201588
94463 8024415
9913 8987263
89349 8685376
51655 15691295
79761 4052606
63003 12481277
80807 8825783
56477 5286117
67299 3553166
92995 15367869
25535 9662529
20079 13038881
54507 6511549
73911 13481347
22087 11979641
18321 11029120
72793 14745895
39969 8383116
46563 2974923
71571 1155741
78899 13879988
64133 13685433
91595 2083685
24469 15387557
47313 2616059
71875 5972022
71863 1233137
24643 9554275
60741 10257195
89787 3468438
19669 9513871
99937 13230499
61665 11530091
32183 12434015
17597 13567875
57011 1734081
24873 15032008
85113 15041044
68887 14614300
37131 6225430
76953 8520065
96039 16484351
87767 7075465
90133 7416534
56507 4088904
16607 13536810
31777 6120081
73099 16539714
82143 7170303
13455 2582131
17555 9192770
90119 16240430
30529 1432324
88847 6522732
35413 12552195
35909 10777115
60883 6605876
18421 3546873
81275 9202577
10099 1650416
91753 14533439
34671 14179443
63665 4197703
10745 7203099
60489 10657135
14781 5734518
28141 12365108
73867 15987986
481 93668
54449 16057737
5327 8759258
70001 7661674
66539 13469243
64367 8679558
11209 15141600
71609 1838744
94147 6625480
80559 14305371
75157 15887981
14529 161639
12055 440401
22371 8185100
86887 10647116
98927 13787431
66075 15734278
85457 4560683
21617 4218992
68377 7280211
89949 12499118
6915 14580705
51715 10580698
49165 5190431
14479 7785182
36689 7692489
44801 4769153
37367 15574449
52219 14275086
24769 4362364
451 173749
55903 4017544
23799 13470568
2981 2897863
46077 10514759
15501 11188025
68903 9199214
74241 2267539
50233 11807705
78635 12787673
28953 7261652
62373 15857627
3063 8559070
57843 6457551
56851 12113353
21679 7316904
76965 7448247
54319 6306983
17489 10841693
10543 1469009
10545 2237336
51083 8454028
45899 583151
51247 8071289
62909 11100416
10583 755314
63681 4199037
82565 9383517
76485 5526056
29183 12335301
68345 14424763
75071 4087814
31769 5278449
9001 4858068
89537 67389
8315 8332397
83933 13324382
79133 6390733
43737 13741086
34107 12875817
37215 9655576
52497 12489035
45997 1383946
32159 14215904
73353 6746818
96437 8688459
90181 12573984
80053 11183681
98089 10770349
57155 13733621
52659 14924011
70683 13700137
11807 7442227
76237 2986421
13331 2976968
1495 802100
94089 3277776
25927 9015096
45387 9869403
92249 6463717
81859 10614677
7373 155125
19377 8423516
59179 5672863
80237 9035679
15 29
6535 7438085
86947 7603441
62023 1896135
99841 13690760
15595 11246349
76967 10927580
79625 15702973
36099 4412392
20401 3059600
9611 5601923
27357 6647906
65177 2649298
88295 4019258
62385 11456391
41269 28376
16411 11052469
19627 2338242
73517 1820068
69907 1565193
55621 12128356
10555 4466223
52927 5153945
17193 4496472
319 70928
49471 14697796
75437 11585948
64735 9321660
44461 10849798
72325 6438713
15485 7997520
8169 9801732
1299 881812
97329 10466632
93373 8613476
2053 1141893
66495 9886138
40299 383821
40793 9121413
68041 10606281
70671 13713063
34407 15380041
58783 756890
24967 5757688
52381 13233006
60017 6060520
59035 13283510
86403 9733925
73699 14327999
42859 6945182
97765 4492130
26549 4783541
16657 4412714
99417 14608981
20601 3552902
9647 5430608
21207 13571189
80781 715572
19573 8074252
94627 16344869
88419 16613814
52521 3183968
6845 12193691
45285 13949579
92473 9644737
39279 9548957
39329 666638
52155 13755233
4039 379252
63787 8664391
28393 895274
60059 3046676
78859 10074420
43289 15951142
63487 7969947
94693 15343433
18791 8624619
35925 1256408
87353 13019602
53223 16448076
46493 4689212
21587 5173160
85105 913558
44245 16093946
47093 3759608
19569 950589
74079 13870626
85919 8595520
71865 3128141
55573 5971859
19923 7458264
51519 14985888
15239 10655857
72979 10612877
57693 10385200
29893 3481307
95895 5626093
62151 4219702
55561 14433038
66355 3539268
18113 6677418
97875 301620
22635 10404795
90221 4022121
85409 4787301
84629 16264791
71545 4684289
58679 1294328
29439 10291419
71275 1172822
83255 9535049
92447 7816662
43217 419001
94273 2927698
34825 14694423
89915 10553956
73395 14692980
54399 7433102
60377 8144587
83083 10004320
49133 12661869
6363 16000515
35787 10038220
46075 5722810
47477 1337602
95437 477028
35313 13458551
57411 221267
6423 3437771
55787 15723709
86963 16398057
81401 14852863
94913 7097636
76007 7720364
21035 2538825
53743 9100102
60063 5710090
11605 16392970
69817 1367946
98503 13778527
2527 1212218
27271 12053106
63595 6401608
63037 15189801
37659 8786151
57725 12794470
27251 2280097
90339 16295406
17469 7199887
72167 7913948
50131 3061916
24917 8364987
90081 8601182
84653 14658547
89191 13272147
29549 10950475
37937 760957
93833 16077381
26353 13114983
29465 10326890
51001 12089299
46823 13221011
85769 4432381
12637 11446937
40189 8686907
45527 6481449
92649 8027253
96009 10877993
49737 9319191
34059 3294078
98599 4666768
59767 9753726
54605 271015
52235 12383244
35349 8006560
46269 5030857
48139 18333
85813 5690173
64039 8231856
58953 13762463
60681 7184740
49089 11890739
98907 9300595
91437 11573179
37723 3383834
76397 6510002
5151 10111511
6577 1918584
41263 9512419
94577 6727162
13567 15120514
17359 222074
97971 16428821
9889 6846768
71663 13545484
91599 1988972
65259 6885978
92851 8264944
16875 3409050
49713 12122802
97889 7058860
51325 6592185
48571 2239433
37947 10730692
86191 12958536
8009 2202771
82809 99561
68861 13752223
23433 8056426
29415 3518857
72983 3811101
88805 5619559
8121 9755291
80231 14908466
22121 10033083
77581 14903032
481 160081
48091 970692
53495 11470201
99911 252730
10371 7477561
71551 6033276
47555 16669097
25981 12913727
86771 9840936
96399 8165482
76371 10490311
39295 13735784
2487 5522239
31487 3273334
97677 9695741
75675 3126602
96515 531695
98165 7673770
96961 16652627
77491 14976337
7207 3756146
28395 14886726
12711 16721038
56153 3579250
4041 9701360
53703 3123870
53525 16405216
32057 192726
89195 15627003
40287 6502220
31637 7090882
72019 13713523
22059 13251871
5937 3942447
83935 8478095
76327 12218031
91789 9477913
933 213493
17957 1367177
66555 8784340
6751 9770134
31473 6086562
91947 14047063
73137 13290109
64835 6398329
66307 9871907
17579 11677367
80197 5642301
91393 2578154
7465 1157226
99565 10973772
93887 1238581
35537 12194346
16681 7497559
70685 370939
53203 12466608
89437 12621623
62213 5833054
41637 14225371
44289 2536665
32115 11068142
49839 6567904
47473 1133484
24615 6922754
27467 1573113
95243 11602794
8491 5854487
26483 4337127
99143 12302879
61645 5329957
95087 2720165
58013 3593219
79495 1463912
38455 15428212
4469 12351456
30921 1548289
62543 5861862
91173 7551574
34029 8530398
59985 15913798
60291 9350749
90965 7483679
96761 8730400
64959 12657889
30287 9790362
66489 15522400
73355 1852353
1089 284569
71747 2813699
99113 9051028
79173 14956303
97165 4499774
68477 3973684
34803 5532096
63683 7858517
72071 515590
861 124539
61835 15195425
45019 4847115
8167 4399711
9043 2908945
42135 14626738
51629 1853078
90909 15286944
10411 2913399
71839 9716245
9717 671570
85721 13880079
68697 5810379
35597 7413393
73057 5363960
99391 16598273
89577 14764901
89167 2350507
76343 11258883
70575 1774441
19433 13743060
75305 519454
42855 737308
40215 10508091
59353 2014743
6641 11294469
49561 9618560
34099 271790
35649 11766556
20873 14575152
30703 5507416
97877 7040102
44591 14071109
63689 555640
83531 2276361
87199 6584170
41683 6946856
74575 7226415
75215 3456170
79959 7630213
13099 11974122
85753 16615448
88269 3373646
4923 8724225
3425 4672808
85381 8975544
43433 9925794
33591 10923044
24409 12378212
1735 1340913
4361 1108189
95889 1143008
21019 12896892
56873 13780099
8549 3871200
69341 1831231
97091 12984726
55623 10688618
14087 2274677
16797 14575160
97839 147193
76851 13245473
93329 13437703
36237 11916585
80341 5020035
78635 14374323
10855 7584635
16353 3242272
96057 10612889
25033 3786198
64887 16553458
78225 839072
14733 11998417
85229 6415152
31391 13683661
30877 8165004
53483 12329507
33417 16118722
29601 9971601
5577 6954524
55367 7491141
56401 6583222
37703 9985882
87551 5269221
13901 8839410
75055 11071296
85901 1933722
85963 298724
38819 7459622
25031 1832543
56627 2201042
4405 10654513
61061 11300205
30745 4889347
57959 12149239
79443 2723468
66567 4109149
39615 1202256
84239 15672121
40809 15175302
55729 16156506
13667 16176210
5217 11254615
78283 13293180
89281 8615162
93991 12362288
41167 10590501
12815 5697205
38741 12041046
2661 2767611
64879 4586031
37707 145165
30161 1801669
22635 13077652
4429 5398497
18673 15825280
29719 2495416
32143 15432477
82395 3024025
67861 10992090
18441 7148181
59113 14728966
41957 4277481
45103 11127020
52997 6851007
95541 6121373
12903 14984861
6405 15926
55225 6916782
60395 9504122
58125 4347589
17213 434052
19911 9012329
63991 10847110
70375 1180074
35667 2953644
18601 11967839
19683 12365966
91417 4936236
31573 4571939
52113 3089997
90611 5327416
86507 11395459
99203 13457050
51573 14568062
2203 166287
25641 7308296
2187 1182466
87711 13318412
73867 5981224
1393 1402319
99353 12620969
31361 12068814
98037 15591920
68077 4623809
57329 10736431
51429 6595827
35435 12061415
6527 2438483
76691 12482825
64101 8422295
7463 8951085
75743 667674
47837 10787346
80169 919665
23443 1865644
43187 4350041
74239 6099101
28883 1457493
63877 15366145
66173 13165662
36643 174609
15975 9070811
21663 14036658
86685 7084332
75305 12223451
28775 4923557
32969 1079647
16797 1287834
51035 1059730
83897 6462921
94603 12920201
17235 13958967
46555 10441052
41027 1672256
53673 11735052
81463 3814345
52717 15614708
75303 8524447
88099 9552813
99155 2413983
70281 865607
39477 13651860
42819 8401141
80469 10436022
24941 10455971
65639 13511972
48031 13421630
54731 1799475
78223 142831
72389 3217411
71357 14269313
18277 916420
75119 4456387
18665 9246680
16803 14644198
81863 14824697
66107 7015268
69149 868479
59695 8971485
60759 16283796
17215 9028547
97335 15660680
57781 653922
23515 13109726
62895 3810561
89753 15035878
82405 3562199
31071 13074003
17701 6579546
71921 15344068
51811 10540355
69439 16374390
96261 6398537
17409 15407629
94099 11013321
34119 2462624
1035 472152
19057 16291520
40933 13866893
46931 5342286
83921 7210424
57597 4104302
95591 14657802
90503 10138092
19677 4536549
85895 9434911
89349 6877436
50329 858389
48819 1899415
23145 7248245
25891 9482675
76541 10036502
68995 12253996
21025 11656915
89641 470027
52531 15475731
44491 14465220
4203 15462016
87599 10883718
45097 8445438
79651 15691561
53399 4820937
15953 11299410
72989 16596892
99381 7526093
98273 4336143
62655 14362809
73361 13537537
86709 5713066
65361 15573873
5219 10364390
24765 6211508
44355 5588383
76729 2157592
52313 5137279
54809 1286303
9947 11926598
58169 14372341
46749 7645622
98217 12751238
85583 15603486
69779 10339907
66643 7501369
97379 11033803
19369 15873189
41775 1208732
18715 3891850
54085 7910565
41883 6957087
25519 9524813
16321 8904276
8361 10439539
52845 10944751
44847 6349427
72093 15616181
71241 13972463
37965 7587546
26393 15697059
69699 6310729
69917 5778330
89901 12510245
46137 1368821
93069 6876324
80483 2695247
69189 7481791
62339 1536108
24077 8268451
40521 15475472
70647 14287392
70973 15163185
58493 6548129
79239 1596966
11423 12391920
76185 12857456
44377 6643594
48381 12869309
4535 7567105
72379 6525048
80963 8829278
78323 1958909
46587 9467851
37607 4310042
89211 12170468
38137 14560073
43311 3046122
52825 3084414
62869 4484159
1695 1003549
16637 9683252
18391 15401186
29881 7072170
16883 9768705
91567 3611882
53961 6759619
65163 6485283
66143 5015091
88659 2426416
87679 3503202
9169 9331196
34027 2353208
59139 14498104
26725 4173071
64171 12276039
37907 8368560
2157 4226484
2207 4781746
54263 3961301
19495 4422831
41019 16052910
29839 5297013
81917 3905492
3395 3590081
17753 13135169
75787 6517960
91183 15356702
86869 5769917
28047 7709814
18557 8768618
96639 7583546
20501 13742248
30021 5329380
73011 10717784
65235 7542045
13957 15231216
18695 13185461
80487 1749542
42205 7101757
85793 7753278
85459 8640956
93387 4553768
47675 5466911
71821 8401912
6077 8833420
16865 6302501
79177 7178692
17275 8992165
15115 5060069
81357 12323683
54407 790208
47297 1982491
38981 7192136
76505 9370996
81263 3741072
80885 2626888
8733 10628064
56053 16430035
76053 15834137
63069 15364175
76573 2055008
41275 4810795
88373 15001931
65991 6057286
84721 528819
32161 8771747
7161 12381658
9825 14475911
83661 8495870
19017 7296353
50193 1331350
41399 5845592
38473 7574805
42337 15337773
61565 5788486
5899 6986022
82769 15144341
50285 8797531
78809 1859298
22727 6244569
4661 3481679
40923 3944451
74659 11468029
4729 13843963
73087 537778
73647 5168946
62251 14349512
44023 7754685
49103 13907012
18181 14756980
3773 8539462
28583 6251083
80945 11046537
75593 4346516
87839 11612185
68689 15304290
53253 5412949
1705 161523
46935 6002447
12759 6573141
0 0
