4
1 2 3 4
4
4 3 2 1
4
2 3 1 4
6
3 1 2 5 6 4
9
1 2 3 4 8 7 6 5 9
100
84 83 82 81 80 79 78 77 76 100 98 99 97 96 95 94 93 92 91 90 89 88 87 86 85  75 74 73 72 71 70 69 68 67 66 65 64 63 62 61 60 59 58 57 56 55 54 53 52 51 50 49 48 47 46 45 44 43 42 41 40 39 38 37 36 35 34 33 32 31 30 29 28 27 26 25 24 23 22 21 20 19 18 17 16 15 14 13 12 11 10 9 8 7 6 5 4 3 2 1
100
8 9 7 6 5 4 3 2 1 84 83 82 81 80 79 78 77 76 100 98 99 97 96 95 94 93 92 91 90 89 88 87 86 85  75 74 73 72 71 70 69 68 67 66 65 64 63 62 61 60 59 58 57 56 55 54 53 52 51 50 49 48 47 46 45 44 43 42 41 40 39 38 37 36 35 34 33 32 31 30 29 28 27 26 25 24 23 22 21 20 19 18 17 16 15 14
13 12 11 10
5
5 4 3 2 1
5
2 3 1 5 4
3
1 3 2
10
10 1 2 3 4 5 6 7 8 9
100
84 83 82 81 80 79 78 77 76 100 98 99 97 96 95 94 93 92 91 90 89 88 87 86 85 75 74 73 72 71 70 69 68 67 66 65 64 63 62 61 60 59 58 57 56 55 54 53 52 51 50 49 48 47 46 45 44 43 42 41 40 39 38 37 36 35 34 33 32 31 30 29 28 27 26 25 24 23 22 21 20 19 18 17 16 15 14 13 12 11 10 9 8 7 6 5 4 3 2 1
100
93 92 91 90 89 88 87 86 85 100 98 99 97 96 95 94 84 83 82 81 80 79 78 77 76 75 74 73 72 71 70 69 68 67 66 65 64 63 62 61 60 59 58 57 56 55 54 53 52 51 50 49 48 47 46 45 44 43 42 41 40 39 38 37 36 35 34 33 32 31 30 29 28 27 26 25 24 23 22 21 20 19 18 17 16 15 14 13 12 11 10 9 8 7 6 5 4 3 2 1
100
93 92 100 98 99 97 96 95 94 91 90 89 88 87 86 85 84 83 82 81 80 79 78 77 76 75 74 73 72 71 70 69 68 67 66 65 64 63 62 61 60 59 58 57 56 55 54 53 52 51 50 49 48 47 46 45 44 43 42 41 40 39 38 37 36 35 34 33 32 31 30 29 28 27 26 25 24 23 22 21 20 19 18 17 16 15 14 13 12 11 10 9 8 7 6 5 4 3 2 1
100
95 94 100 98 99 97 96 93 92 91 90 89 88 87 86 85 84 83 82 81 80 79 78 77 76 75 74 73 72 71 70 69 68 67 66 65 64 63 62 61 60 59 58 57 56 55 54 53 52 51 50 49 48 47 46 45 44 43 42 41 40 39 38 37 36 35 34 33 32 31 30 29 28 27 26 25 24 23 22 21 20 19 18 17 16 15 14 13 12 11 10 9 8 7 6 5 4 3 2 1
100
97 96 100 98 99 95 94 93 92 91 90 89 88 87 86 85 84 83 82 81 80 79 78 77 76 75 74 73 72 71 70 69 68 67 66 65 64 63 62 61 60 59 58 57 56 55 54 53 52 51 50 49 48 47 46 45 44 43 42 41 40 39 38 37 36 35 34 33 32 31 30 29 28 27 26 25 24 23 22 21 20 19 18 17 16 15 14 13 12 11 10 9 8 7 6 5 4 3 2 1
500
349 248 241 381 305 485 12 489 451 309 110 49 209 296 366 32 2 246 364 270 182 295 202 335 195 108 51 117 121 345 428 81 411 208 42 397 210 465 431 372 227 185 427 497 29 155 85 139 119 500 256 290 419 104 107 9 75 481 404 190 365 238 257 420 421 267 221 48 184 308 200 144 413 370 5 24 17 346 225 30 223 273 91 333 352 338 394 343 44 336 418 452 205 183 368 266 468 280 207 68 28 409 439 318 317 242 467 303 447 234 466 403 276 379 410 437 203 261 472 31 181 168 406 126 490 356 233 87 293 3 461 391 351 283 174 449 362 50 149 169 274 429 438 16 496 156 140 316 113 99 217 393 473 134 60 344 240 4 367 446 470 228 112 128 486 57 88 63 101 440 20 322 245 323 334 401 441 165 45 77 311 254 398 348 294 201 237 64 187 386 103 224 350 444 258 62 158 387 40 326 10 37 443 145 408 341 298 460 120 474 204 353 453 125 263 331 231 82 287 95 369 172 483 102 41 471 56 487 194 226 426 188 141 494 395 170 422 111 235 159 163 137 271 277 310 417 306 458 98 175 478 319 67 236 35 459 363 477 297 59 173 339 115 281 215 148 300 385 384 347 93 135 199 286 361 288 313 89 171 469 160 249 456 8 80 61 18 162 90 151 216 337 74 265 457 416 269 376 324 454 383 484 292 375 399 432 123 433 65 492 132 1 400 131 330 332 189 493 260 480 26 23 14 475 259 161 340 262 407 22 38 244 415 450 291 301 320 186 176 380 152 499 46 94 142 378 325 116 27 206 136 138 425 390 47 53 327 435 130 212 314 7 79 282 6 72 476 127 78 321 114 83 106 382 105 479 247 272 307 58 302 36 304 25 328 220 442 464 69 147 360 278 133 355 143 39 33 43 414 214 250 284 164 180 124 358 229 430 463 299 157 268 150 255 396 253 436 84 374 73 218 55 177 211 178 166 122 232 373 357 191 15 315 76 86 448 19 392 154 289 243 412 264 275 196 285 252 495 100 192 71 455 482 423 222 129 109 498 219 359 251 11 462 329 197 230 92 153 34 342 97 96 388 198 488 213 193 179 54 491 239 354 167 70 312 434 52 118 445 405 146 371 389 377 402 21 424 13 66 279
0
