1234
0783 9616 6555 2773
2784 8959 4951 2939
3685 3931 7318 7597
3252 2215 6946 5804
4206 9458 1755 0197
6115 8425 7118 7065
6592 7499 6066 6322
1657 7533 0705 4911
5947 0078 9541 9046
8809 4206 4393 2854
5394 6940 3368 7675
8939 8747 2879 2167
3597 6402 3902 4105
1335 2540 6812 6451
1248 5070 9197 8696
4804 7415 6850 5696
5893 0130 3029 3763
2143 8035 1832 4392
4358 5887 0176 5588
3826 3548 7828 3628
0300 3020 8978 9817
7058 4783 6747 8196
7973 5282 5712 6498
5574 4263 5219 2621
0275 0200 8291 6883
4692 8050 3423 8995
3423 8277 0251 8355
0545 5817 3192 6971
0160 8944 0295 9355
2283 0151 5302 4435
0974 4971 0426 1631
5410 7978 0307 5369
9753 9638 6886 2862
0482 3801 4549 8617
5907 9197 5009 3499
3326 6612 7989 8569
2943 0188 4977 5893
6057 7982 8515 0291
5303 1638 3093 6718
0873 3617 1018 4672
1305 3177 9575 3173
0863 6767 8055 4289
3260 1779 4221 5244
9085 9675 3393 2167
1296 7795 7232 1529
8872 9114 6285 1463
6755 5966 9037 1233
2714 9669 6152 2906
5792 4600 4850 7157
1608 7815 1341 2181
3783 8435 7362 0158
5386 5493 5204 1148
6295 4127 0749 6947
7610 0973 3092 7917
3689 1807 8551 3237
9208 5217 5105 1422
5029 3945 1285 4053
3303 3237 3307 5748
8421 6395 4288 7459
7988 7517 0404 5951
8777 3493 2678 6875
5446 1424 0055 1731
9769 9558 4225 5835
8592 0884 8529 5404
8053 1499 9297 9488
1292 4965 3827 3652
6854 4912 9368 0778
5140 2130 0218 8578
3224 6192 1228 0054
3646 6698 0000 5453
4309 9580 1685 1981
2702 6494 5723 4202
9447 3576 7719 5329
1666 8905 0592 7258
6079 0548 9064 3769
0472 9448 7732 0521
7453 0507 9476 6073
9492 1567 2871 2306
7412 3041 7830 8112
8874 8614 7613 9838
3993 5107 2270 0961
3336 8611 1962 8828
4170 3924 7626 1280
8596 3175 0791 3856
5999 5669 2713 9216
9643 3470 6230 0008
7331 0417 2757 0276
3023 5473 3989 1967
9701 5282 1040 8868
9459 9089 9198 8378
8586 7271 4500 6222
5204 8951 0705 3809
9483 9459 8568 9937
6432 1688 5585 5661
0017 1137 1274 1525
6857 9227 7953 0232
2274 6415 0772 0973
5942 9482 1906 4998
3617 1348 5694 2393
3332 7618 3792 7573
4618 6857 2901 2957
7615 3083 5049 6633
2991 0487 7759 7573
2682 9626 7921 4453
4328 2756 4446 2512
4110 8120 6517 2220
7360 5706 0456 4627
2758 0367 8376 1335
1393 2891 4521 5747
2860 7764 2701 2760
6531 6380 8809 7060
0455 8773 3595 3155
5927 0821 7994 6378
8236 4436 3026 7099
0117 5472 1537 0472
4776 3530 3655 5339
1691 9545 3424 8388
6371 3198 6631 5323
6300 8362 7667 4857
6297 1746 8102 5488
6045 4136 3619 6147
6345 8540 7994 2232
6751 7494 0030 5090
2211 4511 2634 4023
6268 1407 4891 3777
0889 7721 1789 3859
2399 7324 1379 0844
9490 4843 7659 0943
9010 4646 0093 3409
6270 0772 6960 1211
0151 6752 8950 7432
5559 1593 1785 8871
9736 9156 3217 7142
1140 8993 2486 8102
7730 0632 2418 8409
9895 7216 9919 4478
3798 4383 3193 7828
8761 8971 1081 3611
7415 3627 5042 4655
6082 6500 3312 5799
6348 2188 4541 2072
1052 2954 1213 2197
0168 9253 4753 1572
9696 0393 6347 0173
8243 7032 4471 8725
8664 0766 8620 9040
9720 6986 6431 0197
0584 7296 2443 8022
0514 5131 8723 6854
6547 2166 4053 1462
2981 2408 0834 1458
8629 1132 2406 8519
3498 0301 5499 2135
7443 4202 0387 3823
8414 0953 5105 1447
8198 9452 6050 6206
4768 0233 5349 5258
4679 2035 8363 8376
5810 2668 8133 1678
8897 4532 3105 1673
4381 3594 3742 0428
3018 2104 8151 2456
3380 3477 9883 3785
2291 4456 1989 2251
3326 5229 6552 7362
9685 5045 9807 9024
0062 1298 4613 0329
6000 9978 0086 2982
9930 4532 1616 9703
3613 1777 8581 8088
3189 1517 0994 5381
3432 4172 5545 4315
0881 5827 4724 0886
0078 3239 8929 4713
2056 9051 4722 3654
0355 1247 8727 9610
9452 9878 9491 8053
8025 6162 5759 1401
7998 2292 5199 5295
7373 5202 2274 5324
5568 1024 7905 7157
2996 7124 0656 6291
3688 5570 0237 2052
8942 0244 2229 0628
0327 5410 1339 7799
1167 8022 1483 2357
8560 7923 7772 3595
1356 3401 2384 1926
9356 1136 7258 3616
0811 4906 5103 2671
4180 4693 3001 8145
0869 9557 3820 9742
1457 2794 7689 8917
5289 2861 8151 1888
7566 8525 3741 1451
6494 1344 4151 6182
1827 5838 4547 5882
5445 0022 9917 4712
4603 9580 4765 2229
9518 3269 1409 6734
1342 0596 0171 6690
2874 5846 5059 3868
1681 0470 1669 3647
5447 9137 7183 0993
1347 5974 5987 1447
1825 6184 4833 3948
1140 3693 2306 2883
9541 2496 7112 5649
4809 7551 7265 4588
6678 2944 4219 1547
7428 8722 0258 6591
3762 9123 8003 0375
9062 1168 6408 5600
6859 8321 8073 3824
5573 3496 2542 5903
1394 4761 1913 5700
9005 3033 5335 0485
5077 5206 5208 2792
2228 6442 5952 2305
9211 8244 7391 3795
4362 8465 3477 8560
0966 5101 0995 5235
7918 0336 8005 5487
4032 8628 0831 0309
0916 7260 9367 0511
6168 0683 9881 0621
8126 3199 1162 2704
5447 3443 3503 9501
7815 9965 6230 2856
6445 2944 3463 1563
3107 2792 1406 9268
7876 7903 2626 3246
0371 3123 5952 8098
6998 1770 9625 2918
9271 2238 0565 7518
2406 3857 8174 3852
1751 3206 9618 3632
6660 8737 6135 4362
8720 5289 2157 5442
6291 9644 3990 3702
2760 8033 7981 3095
0785 1161 1903 1450
7901 4004 1353 0537
2911 0199 5260 4647
9023 7198 1994 7499
3545 6952 5546 8471
2908 4985 9557 9470
7578 0254 7669 5815
2190 6874 5604 9636
7385 3229 3601 1673
4381 0962 7516 8134
0779 6987 4365 5078
5663 2679 6187 8883
6652 6753 6972 8494
4881 7446 4564 8206
5560 8316 7926 5503
9960 3713 8935 4246
6383 6850 8822 5703
8694 9635 9005 7712
3605 7454 3598 4011
0971 6200 0242 8685
3420 0859 8219 5594
7377 1955 2408 3415
8796 4798 4708 3776
9507 7341 7229 0358
4309 6871 7468 8873
6040 1346 2717 5220
8501 3590 9370 7294
7016 6150 6648 3530
1418 2518 8910 5543
7385 1677 3911 2420
7297 7326 4112 1616
1849 7869 5589 0872
6151 8921 2595 3263
8364 4392 3122 3205
9219 4657 4926 6972
5011 1338 5959 6160
7579 9281 4096 3736
6740 7192 2759 0185
7746 8887 6362 9788
6712 0511 9106 0317
0716 8570 5328 6918
6901 9619 7014 5563
2332 5878 7690 4475
0521 6919 5643 1365
0057 0432 6063 5252
6859 8264 5973 4637
0619 0992 9739 2735
5276 0773 2075 5683
8516 0091 0630 5379
4993 4251 7197 4881
9826 2777 6495 4563
2802 2694 9844 7356
5492 6574 3629 3873
6901 6653 8668 5975
6851 2825 4330 7788
5185 7353 3588 5023
0905 1043 0168 8939
4425 3789 2180 4687
1583 8312 6271 9322
9784 1135 0453 8942
2514 9599 1214 8165
0853 4599 9805 2879
7392 9660 8780 8385
8022 8670 7358 3658
3613 2729 3846 8780
8983 6702 4667 9907
4242 4133 4441 4755
8943 4677 6750 3075
6307 3855 7694 6627
7115 0745 7784 4837
1061 4303 1771 0742
4022 6459 4117 6606
1084 5114 5319 5538
7443 5168 8258 8920
7435 0154 7365 8670
7489 9264 0257 1526
7536 2169 5609 4560
2412 7199 3060 7273
7624 8956 3140 5821
8735 7906 0468 6973
4806 3984 9824 3832
0913 8294 0759 0730
7309 1865 4953 8536
6591 2431 7435 2583
0767 9699 6514 2325
5604 1417 4783 2039
3042 0303 7292 9476
1704 6615 0375 3585
9495 5261 1122 2516
9430 9316 2928 7293
9440 2865 6490 3494
8104 1030 9671 4128
3369 8250 5946 5848
8383 3688 8652 3332
5396 3962 3128 4589
0848 5815 5353 1604
7756 7791 5495 5090
6962 6442 1361 3779
2497 4158 6842 0509
6344 5039 4653 0578
6246 6880 1068 0875
1939 9409 2112 8679
3536 0445 9187 4503
0462 4835 3340 2350
3049 7605 3423 9454
9905 9706 1576 3373
3121 1328 9604 6207
5719 0820 8883 8779
1810 0389 4273 1959
0158 1906 7205 9188
5576 5637 6060 9677
6501 2979 7335 7422
3672 3523 1288 7654
7345 7906 8199 1910
8058 0361 4743 8418
7142 4882 2466 7647
3843 6850 6192 5858
6733 0000 6559 7735
0282 6422 3236 3843
8540 8263 3526 3497
7705 7742 8861 4483
1030 8662 3628 7586
2220 2318 1906 3174
4478 8298 7250 6340
4955 2811 2223 6113
7793 6031 9502 1262
4685 7292 8659 1379
2567 7839 0628 8246
1661 8475 6805 9475
6489 5079 1535 4570
0807 3673 3790 4190
8546 7530 3782 7227
9218 7458 7106 1469
4640 6976 1783 6341
2000 9711 5552 6582
5340 8211 4934 7525
0379 1065 3174 3018
5486 7107 1702 4968
3418 4433 1931 0287
4444 4736 9755 8514
8897 4763 0517 3701
5175 6091 4724 3840
8811 8851 0655 2126
8299 4366 7963 9147
5703 9396 0475 0652
8283 3647 3971 4088
1051 3085 4082 7721
7799 4402 1150 4780
5595 3385 8472 2320
9739 6741 9251 3175
5700 6821 5460 6493
1195 5890 1538 2232
6866 0677 1813 1379
0860 2824 4423 7308
4574 0204 6329 5002
7077 4731 1989 2330
9049 4256 3083 4824
2795 5074 4968 4975
8050 9317 8467 6759
3534 0563 9092 3150
3357 7423 0307 1443
6106 5542 4458 3452
4365 5326 9146 9340
6680 7176 3965 8916
3226 3730 3337 7063
6095 6465 0643 2764
2095 0305 2750 1371
9157 9581 3445 5030
6099 4128 6020 0512
0199 4551 0316 3343
8491 3083 4250 7759
6391 5036 2009 9375
0300 8443 7939 0923
2356 3203 6359 8501
2502 1034 9420 8813
2489 6241 0418 9026
4929 3336 5367 6492
0166 4905 9171 8289
7503 3589 4745 9850
4079 6150 9020 4630
7092 2025 5918 1694
3748 5135 4702 7238
8239 2939 8381 9966
2560 7642 4097 5317
8733 1661 5985 3577
6953 8501 1467 2371
2558 6296 8215 1510
7079 4830 7755 1476
8984 6108 7086 6109
2392 7615 1011 9855
4332 9802 9980 3427
4778 2201 8299 8274
0398 3513 6871 9189
4489 1838 4118 7111
5051 2207 4341 1375
0469 3776 0617 9733
3696 2539 5622 9908
8741 5469 6021 0002
8121 1996 6355 1767
2047 1216 6746 2704
5427 1073 2015 0557
5933 9451 1679 9065
4958 6613 5345 1007
2221 7645 6317 8737
1605 1587 2972 8870
1648 4416 1561 2942
8186 1288 8940 2457
3922 6669 9173 6917
9039 8355 4839 4589
4133 4295 5983 2025
7567 0522 0364 4332
6007 6368 0905 6922
2234 6672 2366 5428
9497 4974 6569 7411
4036 0468 2218 0389
5059 7183 6241 7287
4823 8459 2822 9909
9879 3337 7005 8818
6662 6020 2194 3551
5588 4796 2965 7625
6148 4913 3619 0767
4145 0866 4358 1942
4657 2845 7423 3006
7636 5990 7013 5793
6732 4287 8190 8596
5197 3895 3442 0119
3482 3852 8378 0053
5536 9972 9077 9734
0739 4507 5062 3094
7806 4187 4351 3922
3040 6364 8423 9634
9284 1829 9086 5498
2020 7644 9150 8720
8454 2722 3284 8795
5275 7870 3118 4384
2928 0744 9907 9722
0157 1094 8508 9200
0036 7357 0565 7358
4185 5805 7999 0602
6037 0858 6284 3591
7764 6298 1674 9029
8436 0950 3969 1061
3880 7831 1797 0293
0348 9354 9236 3922
2610 1756 8833 6112
0163 9244 3672 5351
7214 8933 4146 6987
9264 8620 3474 1160
5397 9627 4883 0420
9609 3015 3405 2925
8541 8566 5455 1989
6036 6738 4345 6753
2432 4669 7181 0491
9844 2386 5876 3294
6980 9732 3469 4841
7881 1516 7699 9964
5304 9261 0149 5075
8661 5574 4652 1384
8203 8926 5588 6222
4314 1915 5251 9613
6790 5306 2660 0792
8582 5150 3320 9277
2522 8547 4276 6335
3437 1399 9950 1201
3393 4460 4322 4728
2320 3928 5342 4269
7234 3991 3609 6244
5271 1432 8946 5557
1091 3375 2588 1643
9315 0951 6132 7946
8014 9911 3045 2675
0883 6111 1664 8458
5958 9333 9035 2303
0212 8544 0730 6145
3690 8200 5254 2560
9933 9384 0368 1855
6758 8281 5477 3182
1492 8276 0867 5835
3582 6565 2060 4340
6063 8834 5838 3948
0070 1105 7586 1226
7741 3621 1457 2939
2925 6612 2907 0357
6281 5150 8721 8847
1332 8537 7455 0464
5856 4469 7240 4239
4142 6366 5687 6804
9663 8274 3503 0173
2560 4261 9157 3018
0046 7695 2354 4279
9315 6094 9440 2105
0154 9346 1054 6305
9658 0240 6966 9410
9925 9035 4309 8784
3935 4018 3180 9250
2445 9875 8109 7626
0664 8895 7379 3240
0373 2388 8653 7256
0461 9549 6010 0325
8836 6324 6161 7533
9641 0052 9722 2544
2745 0580 1596 2743
6092 9954 0369 7051
1092 8805 6378 8568
0975 3782 6744 1071
5015 0330 9711 7439
1106 6076 3030 3460
3606 5696 1995 7158
7764 1048 3707 6885
6360 3358 9203 3722
8064 1539 3066 9026
6323 5574 9770 3005
5957 5796 2674 4622
2711 0214 6163 9892
3908 8505 1305 0790
0223 6842 4523 7866
7477 9922 6517 5997
9770 1166 2513 4079
2940 4648 7591 4523
2550 1755 0178 1320
8483 4500 3358 4950
2100 3356 0320 8393
0564 1385 8772 5378
4015 5521 8364 9610
3843 3323 1678 7257
8942 5755 8021 4414
6718 2738 6787 2272
8857 9354 7492 6957
0236 7933 9790 3644
0867 6981 9053 3078
9406 2802 7824 4262
3091 4139 4611 7121
5202 3846 3992 7535
2211 3085 3577 3608
0542 9673 2476 2207
1089 8365 2933 9954
7396 9406 2502 2854
5211 0433 7442 9724
2429 6170 6931 8285
2362 9104 3840 0526
5434 9653 7347 5986
3599 2376 9639 4922
0968 1658 3245 4954
3982 8797 8438 1390
9484 2486 1456 9990
4853 5600 4145 2666
3821 4361 1713 7198
4544 6162 8885 6684
9140 1272 0446 0383
7837 4285 7488 3177
8275 0690 2833 9493
7226 9048 0952 1095
2400 8821 1300 8869
9080 2061 0453 9285
4367 2527 0922 1515
1467 7052 1283 5324
7904 8727 4118 8925
5914 2103 2933 3834
9502 1244 5005 4905
5222 5581 4155 9912
5727 8708 6023 3193
8376 3719 4287 6446
2454 4367 7086 3966
2153 2161 8474 0786
9899 6805 9131 7775
5437 5740 1304 0340
3825 3198 4861 5262
3779 9029 5429 4742
0801 8649 2338 8409
4710 1262 8793 8860
6720 5703 8317 1301
4901 9304 6950 9756
5360 3274 9736 4273
7758 4333 6841 2492
3325 8528 5373 4065
7886 4384 0843 8048
7512 3019 5625 6527
1044 7666 0743 9009
9016 8785 1752 1751
8255 0378 8116 8279
7697 3421 7794 1833
0577 5786 5685 7326
1185 3724 1526 0875
1332 9424 0063 2865
8270 4624 7825 9086
2046 1406 3477 2176
9081 6899 5113 9781
7912 5091 6148 1546
4993 4011 2919 7852
0519 5410 3514 9688
1106 2298 4672 6590
3935 1317 0337 4360
6739 8014 6881 6149
8739 0502 4828 9965
6003 2490 8700 6583
4168 0731 4347 5445
9029 0382 3483 9090
8617 1391 4174 6804
8629 3027 4801 6585
7055 6302 4539 9426
0420 9770 9225 2324
9019 2576 6608 3199
4044 9210 8722 0627
0008 3502 4908 1804
1535 8923 2342 5135
9769 8335 5446 9391
1850 7664 8555 0149
7684 1560 6476 3475
2434 6262 6579 6173
9093 9306 2934 8883
7455 3405 8327 9582
7875 7389 6121 4386
9639 2134 9402 5093
6996 6525 7686 1869
3417 2914 3244 0429
5403 2079 1130 4700
6753 3853 5211 6962
2621 7541 7908 9068
1369 7118 5093 4951
8893 1641 6344 3267
7420 4903 2750 0888
3541 7064 9034 8259
4873 6830 6323 1574
6662 1416 9855 4612
5090 3223 5477 6120
1729 9228 8221 8660
8390 6663 3248 4194
2937 7546 3946 5661
5313 5788 9358 0684
2321 1224 8174 9158
0624 3689 7909 0633
7739 1100 5232 0026
8057 9447 8794 6346
9347 8435 2850 3384
7562 2511 9965 5749
3437 7857 0668 1189
4412 9047 8291 3077
3117 0886 2042 7962
1125 1200 4303 0064
7066 1295 5464 9080
5629 6762 5016 0468
8983 2922 6540 7806
4445 4442 8732 1256
1730 9961 3053 2698
9336 1369 7103 3731
8388 9161 8850 2308
4389 4016 3952 6030
3578 5441 6611 9647
4657 2216 7393 7298
8630 8093 1223 4003
1735 9971 7070 9888
0649 1534 0762 3340
1179 3412 4304 1449
3039 6563 8984 1653
9517 7376 2915 7169
5426 1043 9240 8315
5161 4889 0015 0088
6445 2749 4438 0633
7737 8379 0909 8674
5601 8653 4890 1391
6926 1451 3393 0106
0510 3056 5244 1896
4029 7981 2742 9436
3961 8252 8618 4725
8031 5968 0223 1970
3825 5515 5711 8528
3519 3217 7384 3483
5036 5056 4336 3598
2776 3166 7944 8314
5774 4052 7831 9086
4430 6964 6792 9606
4241 6319 4024 6493
3846 9539 7983 0132
4959 6205 6203 7996
0409 7800 3696 2730
1937 8822 0696 2288
7739 7859 4869 0509
9003 2103 9467 4071
9712 0442 1337 7359
9666 3134 7313 2240
4890 3787 0085 3992
2622 4702 3616 3225
1473 5577 3345 3192
5327 1139 8949 8593
4448 0561 1598 5209
0818 6657 5627 4769
7744 7144 0186 6694
7045 9114 0517 4164
2360 3744 8415 3878
7744 1826 0910 6119
8077 2916 0222 7197
2654 1663 8182 4444
5903 4815 6096 4001
4442 9438 6922 4275
1904 6867 6106 4828
4889 8490 7546 0671
6676 3418 0673 9528
1397 3205 1742 0518
9380 1181 4769 7102
9541 2596 9110 0513
1571 8104 2974 1958
2264 9773 3167 4552
6280 5357 3843 4888
0379 3160 0992 2896
9426 1747 0151 9714
2591 2008 0517 7257
9653 2257 7907 3521
1775 9082 2438 5620
0222 0346 1885 4061
1209 5458 4046 0562
7943 9140 4821 4495
1132 2528 7947 6966
2741 1844 9085 2540
5684 2001 9415 9958
6140 2148 5514 1320
6248 5526 2388 1662
7733 5196 7229 2676
5497 0108 9176 6153
0993 8838 3475 7617
7548 9235 2850 0222
0236 2335 6596 8443
4437 0585 7899 2314
4072 6251 1754 5300
2589 8941 7690 9661
3372 7996 8176 8827
2323 9020 4409 8921
6517 8212 4003 4319
8080 4902 6311 1493
4060 9172 6972 4765
1842 7808 5222 1883
8883 6644 6974 7123
9139 5028 1230 1000
5867 9894 9936 4037
5175 2141 5077 6602
8100 3433 1200 5658
3067 6014 8590 8189
0225 9260 3603 0290
6809 2843 8258 1586
9880 9790 7888 3486
9806 7445 4925 1759
0626 0507 4820 8666
8826 2493 9038 0618
7869 6288 5661 4495
1065 0408 2137 3061
0849 9811 0177 3279
8371 6063 7556 2162
1616 4392 0678 9020
7737 0783 4692 4195
4349 4307 7108 0669
6435 0672 3281 8170
8075 7101 9322 3256
1971 1406 5798 1791
4966 2794 0295 0589
0657 7072 1426 4414
5470 4126 3836 0658
1103 3444 6616 6832
6390 6172 2796 0453
5843 6514 5962 0746
3783 5546 9203 9038
5798 5107 2730 0757
8203 0150 4400 4451
9399 2464 9721 3347
8689 0874 1024 4550
1378 4920 1071 9103
0792 4660 2071 9147
4091 2145 8008 5032
8038 7724 0149 3195
4972 1243 8582 5397
7205 8446 8486 7715
9525 2318 0772 9312
8218 6931 9057 6763
0385 8440 3778 9456
5560 6339 2628 6971
4908 4300 8419 6876
7181 0183 0967 9940
0722 8824 9360 0645
9060 6515 1615 5379
8665 7064 3901 1401
0953 6818 5934 0126
3441 8668 2861 6636
9657 2392 9397 8706
9686 9458 0715 2968
3005 5104 9039 8106
7564 6827 3461 3365
9832 4782 3494 0503
8302 5459 7053 9750
9427 6545 1421 7522
2209 3413 4491 9793
3874 4877 4403 3277
1515 6281 7523 8140
4275 5792 1649 3976
1927 4805 4739 1971
8998 3633 4693 7256
3597 7314 8608 9066
6950 6914 2497 5129
9861 4830 0521 4603
6136 7362 5084 0272
0827 8117 9059 0473
2594 8501 8850 2161
1007 9942 0330 1481
3918 8827 0724 3065
7958 8642 7889 6325
1535 3537 9675 4243
3167 5486 5497 9606
9526 7171 9552 2581
6397 5800 3486 9556
6941 0424 7484 7796
4980 0507 9402 0009
1985 5894 2633 4973
6442 8081 4694 7758
1805 9492 5831 7074
1461 5376 7664 4054
0371 5200 3902 5652
9999 1603 1792 4351
5059 6830 4154 5264
1419 8177 3905 8048
5080 3448 1892 5848
4907 7096 3884 2314
1787 6067 2358 2341
2185 7350 9263 4249
5476 3786 5565 7520
6150 2469 9539 7415
4311 0995 5015 4619
0638 2713 0020 1166
8847 4197 6359 4912
9059 6835 4706 5379
8808 2721 7162 8755
2921 2133 6501 1759
1420 8174 3109 6847
7041 3441 2962 0702
5833 5045 8058 7387
1224 7605 5267 9000
6947 1287 5838 1995
8775 9085 3070 0491
0101 7065 6058 9967
3681 3140 3675 8359
8854 4169 1687 5733
1947 6488 4453 7670
4030 8164 6924 8289
9814 8343 3917 2206
7478 6968 4157 8829
1520 1265 7656 8713
6079 9844 8350 0336
5901 6872 6717 3755
4628 0037 2415 0901
5397 9371 4473 2792
0946 5070 6964 0978
4709 0272 6532 8940
0567 7485 0847 6823
8032 9849 4164 5159
2036 5131 8981 3187
1411 6221 9497 4681
3525 7369 7333 1175
2240 6875 6253 6563
1030 1257 7684 3296
1491 9556 1127 4217
2477 2061 0288 4148
4799 3283 5342 9665
5843 9659 4920 0167
7256 5211 6274 8396
7388 3030 9635 5651
3165 6942 4170 9054
3515 2376 9757 0760
7912 7138 2096 8693
1540 2333 5176 6409
5328 8868 4830 8916
5314 2749 2261 6926
5743 1374 2823 3861
2901 5789 2356 6743
6194 0154 1475 7634
1418 9752 2725 6267
1538 7320 5105 6580
9234 4818 3831 5353
5027 0702 4673 6328
5255 7702 9076 3209
9116 3777 7293 1083
8718 8321 0321 4682
8996 2084 8271 3649
6560 2394 3725 1732
1611 0149 2976 8225
4745 3926 4550 9636
6208 7844 5661 0407
0042 4426 6758 4178
8001 3103 2643 0985
9598 6114 6327 8970
3377 1847 9769 2960
1506 7015 3358 1017
5803 3096 7125 9490
7945 1106 8537 6444
8769 5317 9018 0672
6004 5994 2209 0518
6789 0009 2180 0361
5647 8399 3928 7339
7165 5321 7174 7015
8529 5509 4727 9570
6264 1174 7288 0590
7685 3078 0912 4031
6088 6769 6501 6198
1169 5908 6733 0032
4555 3511 5431 7428
6883 9185 5229 4226
7584 6864 4202 3508
7145 5698 4173 0427
6304 9589 9351 2595
4073 1468 7629 5770
5766 6648 3865 3893
1604 7740 4406 9917
1797 5587 1533 4845
1454 9928 8395 0569
5515 4428 7864 4878
6870 4460 1287 2015
7748 6601 3409 1654
7091 4816 8351 2000
8841 9771 6803 2434
6862 9399 5054 8787
3298 8764 9011 6728
4838 9943 8452 2920
4921 8788 7909 3760
6586 9514 6258 8348
6900 9659 9871 3012
8524 0733 2317 4927
3230 7843 0171 5426
6068 5032 5298 9537
9256 5194 0075 0910
2388 0214 0274 2542
1034 1965 8275 8938
7538 9409 8061 2934
9737 5192 7042 8995
9410 3102 2435 0767
3255 7453 8347 0994
9031 2657 3560 4859
6722 7530 1618 5876
6902 3823 2634 2301
4642 8875 1197 3048
1579 1874 8442 8584
9644 0170 2752 2090
6016 8876 9261 3301
5217 9572 3829 5785
6777 3418 7844 7591
7531 1441 0405 4167
9959 7420 4726 3792
9788 2236 3497 3765
5280 5577 1160 5624
6521 2945 8734 9719
0502 7434 8176 6421
6570 3578 0871 0345
6402 8057 6111 4999
1719 0620 7921 7113
7311 0640 7383 2449
6893 5484 0836 0472
2426 4800 6076 1901
9360 2763 7621 7032
2842 0047 9581 6322
2488 9772 9644 8968
7841 9395 9913 8150
7124 7305 0511 1250
2002 3606 1303 8761
6109 6530 1668 2322
1735 2341 6033 5431
3017 9313 3141 4851
7549 2740 2509 8306
2903 2813 7590 8793
0604 8291 3746 6985
1996 8108 2288 6723
8078 7757 6231 2657
9718 1432 6220 3084
9376 2586 6241 1830
9084 0434 0658 1607
7582 6075 0253 7149
1415 5148 2046 2866
6667 0413 8776 3600
2346 3597 4753 7206
9830 1021 1823 3656
4273 9124 6288 0680
0122 5329 7554 3985
4408 1809 7067 3876
1163 0507 9360 9543
6079 4819 3402 1440
3070 3774 8073 6785
0355 8367 2133 3589
7310 9672 8745 4877
5581 4050 5875 9322
5434 8134 8745 6901
4809 0897 3128 5831
6171 0491 2534 2441
7670 5324 0531 7070
2678 4804 9527 4129
1328 6018 0013 9899
3652 1214 0126 9039
7779 9054 9743 7586
1248 0418 0839 1060
0529 0427 9289 4838
2826 6940 1430 2432
4874 6349 8350 8726
7923 3139 8377 6689
9973 4838 8166 1584
5039 4549 3685 0208
1312 3948 6060 6956
5118 1723 1444 3032
9646 5479 1013 1882
8493 7073 6152 5311
2522 2254 5860 8500
7775 6537 2848 9620
4099 2516 8045 7744
7631 4493 3618 6862
2621 2378 9145 7845
3440 9986 6835 2641
2967 1090 4660 5041
6064 8521 0676 0089
8287 2468 5311 4876
2496 6135 8578 4586
0881 6724 8207 8225
3709 2396 1516 5265
9112 2538 1617 9828
2053 8800 4542 1222
5790 9194 8327 0355
8658 7960 0800 3619
0476 7586 1000 6402
6235 9856 0310 7158
9017 5981 3804 5898
6960 6150 3409 9299
6467 9251 4604 8419
5878 6862 9052 7906
0960 7818 5375 3625
3882 3395 7711 4977
7881 5004 5854 5793
4874 1299 9566 4028
2020 2909 5021 7456
1763 8785 4578 3503
2765 7451 5372 1130
3845 2515 6227 3039
0713 3160 4377 1509
2245 0707 0793 4141
1467 7669 6189 2338
9152 9472 0258 8900
5371 3961 4337 0957
8830 6769 5499 7199
6109 3448 1066 7467
8474 3482 5565 6639
5241 0719 5952 6502
5585 0418 1766 7611
2476 3370 7369 8063
8509 6356 2832 3935
4741 8246 7444 3548
6691 2326 6571 0959
8783 5771 4078 1347
3133 7207 1742 0905
7806 4229 6337 7620
5025 9433 6548 3671
6518 7722 4186 1833
3219 9598 1069 5369
7730 5207 3853 7835
9348 3747 3140 7776
0372 1008 3968 4387
9704 9109 2021 0481
0600 2777 0834 9160
0190 2416 6893 9957
9474 0276 2715 4967
5851 3036 7709 2394
4918 2192 3390 7068
7461 0537 1938 1796
2579 1591 8050 4905
2570 2335 2955 6084
9750 0525 7667 1218
0607 8644 4487 5699
8372 2794 2289 0676
1468 3639 8978 1264
9800 7133 6232 2845
8572 0757 8270 2404
5485 0234 1287 7354
7282 7484 3910 6343
9138 0334 2961 4818
5667 3980 3908 5155
3107 8699 8228 1937
1514 1665 2895 7919
9128 6601 5475 6363
0708 2573 0633 5346
3414 3749 8658 2883
7082 6403 3206 4392
1204 3258 2381 8672
9514 0963 9936 6572
9043 8905 0819 7084
2282 1512 3737 1006
8777 1009 6254 2801
1461 4789 3213 4461
8877 1664 8215 8997
0721 2271 5440 2602
7415 8291 7008 7494
3744 4940 7425 4913
8334 1830 1916 8825
4708 0271 7572 7932
6265 2500 8238 7426
0780 0570 0493 8112
1411 7227 9289 4412
0503 1188 1784 1788
4975 0687 6204 2145
6972 4547 0864 6307
8706 7997 3187 9658
0414 1140 7058 8967
8752 3796 2964 5360
7503 2400 5082 3212
5756 3069 6332 3111
7554 9099 8958 2389
4985 9447 4386 0955
9546 9304 2841 4075
3828 0537 4945 9964
2515 0334 6965 7395
9835 7941 6332 9956
0865 5451 0241 9229
9532 9082 0404 0812
0032 8068 2721 6204
4744 5282 6208 4661
3491 5925 9799 2351
2810 2842 8194 2108
1335 9440 6861 1359
6172 6537 2782 5239
0005 0856 0725 6138
8453 1711 9634 5177
2827 6240 0315 1137
4236 8353 3583 7628
1300 1521 9770 1945
0475 7107 4948 9292
1594 7936 9663 1037
0790 4518 3035 4760
1766 0610 9847 5647
6943 5573 8553 9057
1950 6731 3668 9041
2622 1953 1224 7658
0177 3003 4076 8127
1007 6263 8369 2772
7083 4152 4408 0312
8867 1529 6485 9139
4441 0775 5392 6467
5515 9523 5940 2822
6899 9331 2018 3258
8815 2926 7020 4727
9004 4202 3685 4743
7765 2487 5384 7834
0669 6242 6431 1621
3573 0883 0642 5550
5243 7834 7123 2691
4790 1549 8898 3245
7673 8573 9692 6101
0382 3915 6156 5053
0905 7847 3827 0920
2727 2341 5964 2273
2226 0744 5637 7996
4891 6138 2493 1301
8897 9316 7644 2416
4893 5074 8737 3504
0020 0309 6391 3172
0336 4573 1314 2942
7477 5307 6386 7960
1413 9341 7789 3269
9601 2462 0404 0556
2257 4776 6707 9137
5497 7017 6411 0757
6401 8342 0410 4529
9531 2126 5710 9765
5279 8132 9582 4711
1109 4405 1213 9672
5730 7100 5252 9350
4404 1385 7716 2539
3926 9985 3708 9645
1909 4975 5920 0349
0367 2349 5090 4617
7774 7054 6236 9382
5914 6326 1046 9425
4861 0281 9438 3379
2411 4109 5079 0444
9767 7862 8795 8475
7538 4343 4152 2404
7117 9095 3677 0547
9642 4441 6553 4020
3885 3566 6302 6532
2362 3463 3926 4397
6510 4635 0294 3886
9987 9998 1570 8194
9434 7547 6516 0097
1615 8745 9446 6253
2469 2937 0607 4003
3273 0206 9589 6141
3518 4154 8151 4768
3681 5324 8167 0091
7213 2382 0701 9492
7884 2475 8206 8450
8949 9228 0049 6376
2321 1450 9660 6687
0952 9543 7286 8204
3509 7974 9320 3504
4388 8706 5187 7402
1069 6740 7987 5010
1874 7475 1424 8058
