4 13 35 38
11 12 37 28
22 29 39 19
5 14 20 5
2 22 38 2
5 25 11 20
34 21 13 39
2 16 1 0
19 20 7 15
12 12 24 7
2 28 2 27
30 18 34 15
22 14 28 19
29 27 7 32
36 27 26 10
19 3 35 28
9 16 28 7
3 23 14 16
32 23 11 6
14 17 21 30
15 30 20 36
9 8 30 33
39 11 11 12
7 29 39 8
22 14 7 17
16 39 1 1
31 21 14 18
15 12 19 9
20 29 30 4
3 29 32 18
37 27 5 37
4 0 31 25
38 8 34 25
17 3 5 33
29 25 12 10
26 16 21 9
23 2 28 15
13 1 9 25
6 31 5 8
4 26 6 16
25 21 37 39
29 16 22 37
3 21 39 25
36 35 10 37
10 36 33 3
21 17 9 4
32 2 15 36
22 1 19 20
26 35 27 21
27 33 17 21
30 5 32 22
14 7 30 24
10 7 34 18
30 30 22 26
21 0 24 21
39 3 21 20
35 7 6 32
2 2 35 3
26 8 35 10
27 4 14 14
37 11 33 37
38 25 3 29
26 9 30 1
35 22 28 0
4 5 12 30
16 0 36 12
25 10 18 9
39 32 5 36
19 16 29 11
10 0 11 23
33 17 36 25
26 26 21 4
33 27 3 39
35 13 23 0
10 38 34 20
22 35 2 35
30 13 25 25
19 29 3 11
33 23 8 12
1 16 0 4
24 28 18 13
12 8 24 21
6 33 38 11
19 32 3 14
3 29 13 14
8 27 29 0
4 27 37 14
24 19 7 36
37 31 12 10
5 32 18 26
37 8 28 20
6 25 15 27
2 34 12 30
17 18 26 5
38 25 24 11
30 38 18 22
2 32 19 4
2 11 25 17
15 4 29 37
22 3 6 2
6 19 25 11
30 34 7 10
11 21 35 13
38 21 25 35
33 22 9 22
19 28 23 35
26 35 35 25
11 21 30 27
20 15 4 25
1 9 31 19
31 34 12 24
6 34 20 20
4 33 0 39
6 26 4 12
3 34 27 2
3 9 16 12
12 25 31 11
2 10 1 31
20 15 12 36
6 23 5 9
27 7 33 14
28 24 23 20
30 18 21 10
13 7 16 38
15 37 6 15
11 11 11 33
15 20 10 9
37 31 10 23
8 38 15 32
36 3 32 19
6 34 24 5
25 34 3 22
8 17 21 24
35 16 2 25
5 33 13 30
17 34 7 16
15 38 20 29
10 7 3 22
30 13 14 8
4 28 16 35
28 21 32 2
17 36 18 18
36 37 6 8
31 13 18 20
25 11 27 27
30 15 24 24
15 1 11 12
12 16 11 30
6 6 36 34
15 1 4 3
3 12 6 6
37 10 18 35
29 16 17 16
12 17 11 6
36 8 2 7
25 1 18 37
5 37 19 11
5 17 7 36
5 34 1 4
18 3 21 12
29 35 37 30
25 3 10 15
12 13 30 17
22 6 20 30
37 37 6 5
27 26 37 35
3 2 35 5
10 10 36 37
2 37 27 16
1 12 33 36
21 21 28 25
6 32 7 18
36 0 13 30
36 15 3 28
4 30 32 24
17 29 39 21
19 12 37 22
23 28 29 29
34 3 16 35
6 7 1 16
8 20 12 25
34 24 36 6
24 6 21 29
35 36 30 0
39 23 39 8
30 22 1 28
13 2 22 19
35 18 19 26
21 25 17 18
12 23 28 28
8 23 6 4
3 30 14 16
5 4 17 11
1 28 37 4
29 3 14 13
17 26 36 28
29 20 16 6
3 7 25 1
31 16 12 38
15 26 14 12
23 21 0 22
24 13 14 36
22 25 39 34
22 31 27 27
6 5 24 22
27 37 8 17
1 33 28 22
27 2 18 2
4 15 27 19
3 4 29 36
36 25 16 23
31 34 6 21
39 8 16 22
36 18 24 32
6 34 11 21
30 8 19 27
1 10 33 0
5 11 12 23
19 34 8 20
28 13 16 13
11 19 9 23
24 20 36 36
26 26 31 38
22 19 37 31
23 21 19 8
26 1 26 35
28 35 0 31
22 16 2 15
17 39 37 27
12 26 37 3
34 10 16 37
31 16 23 13
20 32 20 25
20 29 25 15
36 18 37 32
18 33 9 26
5 7 30 22
6 29 38 28
2 9 22 18
35 29 18 18
25 34 21 2
9 36 9 2
39 9 8 25
13 14 23 2
18 11 25 4
23 34 5 17
19 2 8 5
18 7 38 38
32 27 38 15
25 5 30 24
30 26 12 9
12 1 30 8
27 20 19 1
18 31 39 24
26 11 10 32
37 8 7 11
22 13 9 25
7 8 1 8
28 19 7 10
36 6 2 39
37 39 36 29
22 13 18 4
37 32 17 18
19 1 0 4
30 38 35 22
3 33 13 10
39 29 38 12
13 7 32 16
2 25 12 39
14 23 14 27
27 0 34 7
32 3 11 32
38 23 11 7
34 24 30 8
28 28 9 3
32 0 37 21
26 4 6 34
33 22 36 12
2 31 32 25
25 15 32 14
29 18 13 0
4 18 15 3
32 39 18 14
32 33 17 21
38 24 36 4
31 16 37 16
17 22 37 10
26 16 4 8
13 9 32 19
10 3 15 13
15 26 24 22
25 38 37 26
23 23 38 25
30 18 20 37
9 22 8 14
16 13 16 4
4 17 39 17
1 35 27 36
11 19 34 29
28 27 5 35
14 4 16 31
22 35 18 37
8 27 16 28
35 33 34 38
24 1 18 27
12 19 1 13
18 26 16 32
5 15 34 27
15 26 18 13
37 31 14 16
4 24 32 7
24 21 30 27
30 8 28 25
38 36 13 5
29 33 14 6
28 34 4 33
7 39 26 30
3 23 20 27
36 29 25 27
8 26 35 24
37 29 9 30
27 23 9 10
24 24 3 9
31 30 37 26
39 36 4 4
24 34 21 2
33 6 3 2
12 7 14 25
4 19 7 20
13 33 8 3
27 3 35 7
39 35 29 15
2 2 14 13
19 25 31 30
34 32 3 33
15 12 10 35
8 39 21 3
30 23 23 2
37 7 6 16
39 2 22 39
5 33 6 36
23 18 30 20
1 14 28 27
31 17 39 18
34 34 36 37
14 28 36 5
38 32 8 24
21 26 3 30
8 3 14 13
7 9 7 36
18 11 19 24
10 17 14 18
2 12 2 15
29 26 3 35
14 29 22 39
25 5 33 25
17 36 21 8
27 8 0 25
30 30 16 35
3 31 33 31
32 13 32 27
3 27 18 24
2 10 39 19
23 37 1 12
19 21 19 16
4 11 7 23
37 39 29 20
0 26 25 8
21 1 5 21
39 10 36 31
23 36 36 27
10 31 0 23
38 17 7 16
4 39 15 3
8 22 33 29
9 26 4 37
21 24 38 31
31 9 0 37
22 13 20 30
12 39 18 23
0 10 18 28
16 31 13 26
35 2 15 37
15 2 28 36
37 14 37 10
15 20 29 29
10 37 36 29
13 4 0 6
5 11 29 16
7 6 23 21
36 9 23 17
8 0 10 19
13 0 21 26
30 25 1 29
16 22 32 2
30 2 17 1
5 12 37 0
9 33 38 29
9 6 6 1
31 29 37 13
21 6 1 35
38 17 15 31
26 20 38 20
26 24 7 7
27 10 34 28
7 21 21 24
4 17 21 7
28 31 33 22
32 31 9 21
12 37 36 29
27 11 22 10
20 37 34 7
23 24 38 21
33 20 32 24
28 32 18 20
6 34 11 28
36 11 38 13
24 7 9 6
12 14 6 25
39 6 16 39
27 4 27 31
30 5 17 6
24 11 36 15
24 13 36 6
35 28 3 7
9 30 4 30
38 2 36 30
37 17 18 18
17 29 35 14
27 26 32 12
7 16 2 7
37 22 36 33
27 2 37 33
13 24 2 9
17 38 16 31
23 21 21 12
1 1 0 6
31 30 16 9
21 25 2 11
32 14 3 3
4 14 23 6
6 29 15 0
30 32 0 32
3 11 15 30
33 33 11 3
0 14 31 31
27 6 35 0
10 21 21 30
4 22 36 3
10 31 15 6
37 24 10 28
30 33 28 30
39 6 27 38
37 9 21 29
7 2 4 7
35 29 9 14
15 28 22 15
35 39 24 31
8 17 28 1
33 16 2 33
16 6 21 0
28 5 17 10
5 26 8 37
33 35 24 11
20 28 12 17
30 5 21 16
28 7 12 37
4 5 15 34
37 15 28 21
21 19 4 25
19 5 19 28
37 6 9 27
5 15 4 7
15 7 20 16
17 27 23 23
39 39 21 30
34 4 2 35
27 0 19 29
33 26 29 31
31 9 7 4
20 22 32 34
4 39 33 37
32 30 37 17
1 4 25 20
12 35 37 1
23 2 2 13
21 16 23 20
20 2 16 5
34 30 29 29
17 13 5 0
36 39 19 31
36 5 12 1
27 36 20 19
30 34 11 11
39 34 4 37
13 12 19 30
30 7 0 2
27 23 13 23
9 18 38 30
36 20 3 9
34 8 32 0
18 16 12 23
15 21 30 32
9 16 21 27
4 34 7 22
4 12 2 21
11 25 36 38
18 13 30 8
19 23 25 27
4 19 21 38
0 32 38 10
39 27 6 4
25 7 34 25
35 1 28 11
39 31 12 10
22 32 25 34
6 32 5 3
21 38 22 33
36 11 23 0
27 11 34 12
8 30 26 20
13 36 7 25
19 4 22 36
23 16 20 26
5 26 23 35
31 31 29 14
20 1 15 20
19 8 15 5
15 7 11 24
8 29 7 17
2 35 15 15
25 39 35 5
20 12 20 4
32 32 17 37
35 25 6 34
27 35 7 9
38 33 1 19
32 32 29 16
17 0 15 37
15 3 7 30
34 23 7 11
22 28 17 8
19 9 38 24
6 21 8 16
34 30 33 35
1 29 9 27
33 38 16 38
25 38 15 12
25 2 16 32
8 1 27 32
20 30 2 5
4 30 29 39
38 5 17 4
35 0 18 1
17 21 28 32
7 24 18 27
2 37 8 36
29 26 31 6
6 35 5 14
1 24 24 14
37 13 15 9
34 32 2 17
5 26 7 12
16 34 24 23
5 20 19 25
5 33 18 10
29 36 31 11
1 35 30 25
2 19 12 23
17 30 25 7
39 24 17 5
39 38 0 30
1 15 3 11
17 7 11 35
31 26 34 39
12 0 21 37
7 14 18 36
34 36 32 22
32 5 28 24
34 15 20 4
1 39 26 22
38 34 28 1
34 2 24 12
38 24 4 25
24 22 4 26
9 0 13 0
12 21 0 3
26 7 22 0
21 15 2 30
23 21 36 12
10 9 15 8
27 24 1 38
39 22 27 2
1 39 23 22
7 38 37 0
10 4 28 0
33 39 29 16
2 18 33 36
10 37 3 21
39 36 6 18
24 1 37 13
7 1 30 18
25 35 1 18
9 29 37 23
34 20 20 4
30 24 37 39
18 32 1 33
24 10 4 15
16 2 39 2
35 18 26 32
23 18 18 2
37 5 27 35
18 6 38 25
0 23 10 29
14 21 23 28
15 2 29 28
28 13 17 28
31 24 13 1
13 15 27 7
2 36 32 25
2 27 18 28
27 14 16 28
21 37 1 17
38 1 8 12
18 14 2 18
8 1 2 22
39 13 23 0
13 21 26 6
28 21 27 5
2 25 2 32
8 30 16 21
3 2 1 27
13 1 0 14
37 29 33 4
37 33 33 23
31 35 30 35
9 8 23 0
30 28 24 39
33 30 32 2
2 29 6 39
16 29 2 26
6 16 35 7
19 28 31 21
5 33 1 34
8 17 24 28
37 29 2 0
12 8 0 24
20 6 9 13
26 14 29 35
11 35 15 7
27 33 23 34
26 33 31 33
4 28 31 5
30 35 12 9
10 27 3 35
11 29 36 27
18 4 33 39
2 9 30 34
18 18 1 4
26 34 6 14
8 19 15 26
2 21 17 30
15 13 31 30
7 30 31 38
3 31 38 18
11 7 29 27
9 25 36 20
9 25 8 35
27 36 23 27
11 27 13 26
34 8 32 6
39 11 34 29
21 24 4 12
33 6 8 13
0 11 20 2
26 1 7 36
31 18 2 3
13 31 39 32
13 13 35 24
8 37 5 29
23 0 23 4
13 15 10 11
39 14 26 28
6 32 8 2
10 0 37 15
30 23 27 17
13 22 10 7
16 30 35 15
38 33 26 32
25 36 34 32
9 23 14 7
32 16 17 8
2 28 6 24
30 21 11 11
22 12 39 7
0 35 37 34
22 31 19 7
32 34 29 11
15 3 3 39
5 2 32 11
16 12 33 27
6 2 38 29
30 7 5 24
35 2 3 33
13 17 32 5
0 27 8 19
25 25 12 24
11 18 14 37
22 3 25 28
27 32 9 17
9 6 13 34
38 8 8 22
21 20 9 26
32 1 20 14
8 2 7 22
14 3 4 19
32 28 22 0
21 17 5 38
26 19 16 23
8 39 38 4
11 6 30 30
14 21 17 15
23 12 30 14
27 0 22 29
30 1 10 27
10 4 18 31
22 5 10 20
39 23 29 7
23 4 31 21
30 20 36 11
31 10 29 37
23 10 29 13
22 34 10 15
15 17 37 30
25 26 15 22
30 25 3 35
6 15 21 28
27 8 25 3
11 27 6 9
35 30 19 16
38 16 18 10
17 25 30 26
22 39 15 13
10 33 39 3
19 9 5 5
5 10 21 7
23 27 2 8
33 24 26 20
26 24 35 20
38 26 31 3
20 20 36 34
22 20 10 22
5 20 39 25
18 10 29 23
20 14 24 26
13 37 30 25
12 24 27 5
12 15 4 9
35 19 2 20
22 8 34 15
8 10 25 1
37 20 20 11
0 6 33 15
17 5 27 36
18 33 21 7
10 28 29 1
17 33 4 39
24 0 11 24
6 14 33 20
12 38 35 32
14 14 11 5
7 25 5 37
38 5 23 0
14 4 29 26
21 31 4 24
17 29 16 25
38 31 25 16
28 1 34 7
37 13 27 24
33 38 12 17
8 1 22 30
0 22 9 24
33 35 20 34
8 30 3 6
15 33 34 25
8 25 13 22
30 27 33 34
39 29 5 17
16 24 18 34
28 23 1 10
37 36 3 13
36 20 24 24
27 25 27 23
22 3 5 24
8 17 16 4
33 38 23 4
5 1 4 28
30 27 10 15
8 23 21 28
33 28 38 32
3 32 17 38
4 5 20 34
25 7 30 9
25 2 25 39
25 15 25 10
14 1 6 14
21 18 25 6
4 11 31 30
10 18 18 39
35 18 2 14
38 6 37 2
35 31 34 3
0 17 38 33
6 14 21 13
19 25 13 20
6 13 21 4
32 8 14 17
22 10 22 1
35 8 1 22
15 29 37 27
24 29 27 31
34 17 3 1
13 19 5 34
20 21 38 34
27 39 21 36
38 0 37 20
18 20 2 17
27 2 31 25
5 17 7 36
19 21 34 5
4 38 29 4
2 21 27 3
30 11 6 23
14 12 36 30
19 20 4 35
24 2 17 23
4 33 15 11
38 0 33 21
8 29 24 4
33 19 28 25
26 0 20 14
7 24 15 18
7 23 29 5
3 26 10 31
28 39 36 13
5 35 0 38
24 34 12 13
22 2 30 14
5 24 11 31
7 1 29 2
20 15 10 6
8 27 5 27
2 34 32 37
25 36 35 23
39 27 0 5
33 21 36 6
18 1 21 33
12 25 25 33
10 39 27 1
25 6 32 8
23 10 36 39
22 34 3 19
23 2 15 28
36 9 14 32
28 17 39 24
1 4 34 33
16 2 34 13
31 18 4 0
2 16 25 31
12 16 20 34
21 14 12 23
18 14 16 19
12 7 24 25
17 17 37 17
31 15 6 1
13 20 39 18
22 38 34 3
13 26 25 25
5 31 35 15
39 19 38 8
17 14 5 36
35 34 25 8
2 36 31 37
31 23 38 38
11 21 25 31
19 16 25 29
9 19 20 36
10 33 23 17
32 6 24 12
7 1 8 4
0 21 24 20
38 10 27 22
20 12 12 6
19 5 3 29
35 2 32 24
30 39 24 30
39 23 31 27
32 3 18 37
15 12 27 24
18 13 38 18
13 22 21 18
16 6 35 9
8 27 29 3
36 17 34 12
3 1 11 33
34 11 10 36
6 21 12 13
32 32 0 3
23 0 24 11
2 35 18 29
25 17 36 28
14 34 35 15
20 28 35 9
6 20 19 1
9 37 24 23
18 29 32 21
27 30 18 6
13 26 5 29
18 21 30 26
27 0 20 28
7 17 24 4
21 24 36 1
24 9 15 25
30 14 8 29
21 13 1 33
38 11 28 6
20 34 3 5
24 30 6 8
1 31 31 16
7 4 9 30
15 22 18 39
34 8 32 4
15 24 14 0
38 24 36 0
23 12 6 39
37 4 16 30
21 27 14 27
39 15 29 26
19 28 20 37
23 23 30 8
26 24 10 36
25 7 23 13
10 37 0 26
17 28 5 21
11 25 30 0
34 0 0 20
37 8 11 22
21 5 0 34
32 9 8 6
35 34 21 7
11 36 31 27
11 32 26 16
8 24 19 14
12 19 13 4
12 26 38 31
8 38 38 22
5 26 28 33
13 5 39 24
22 18 19 31
14 8 18 30
9 2 27 5
36 22 19 1
30 8 0 8
15 16 16 4
10 25 28 28
5 15 38 17
23 2 33 2
36 27 11 28
22 9 17 27
9 27 23 34
5 21 20 7
25 26 1 12
9 3 8 8
31 12 33 39
0 19 36 19
4 12 11 30
21 23 39 25
23 34 16 2
34 5 18 0
19 9 8 26
14 26 39 23
38 6 32 6
32 26 28 26
13 0 2 0
31 31 19 37
29 37 8 25
29 18 37 10
23 12 23 3
17 5 5 38
20 8 29 7
4 7 17 16
36 37 34 6
19 1 0 36
15 9 39 12
18 18 4 17
4 33 25 20
22 23 16 10
35 8 24 37
10 5 37 8
28 39 23 22
38 14 23 4
3 38 31 20
29 9 22 9
16 7 23 17
5 11 27 11
2 19 19 23
33 31 10 29
17 6 27 32
15 26 37 29
14 22 30 24
3 27 36 34
19 13 20 16
33 38 26 37
36 36 3 34
17 24 15 9
15 0 31 39
2 15 17 27
13 26 33 3
0 14 3 19
17 15 38 14
14 0 15 4
29 21 33 12
2 31 11 12
15 10 13 27
30 2 2 27
33 6 2 20
0 28 32 12
36 22 33 12
11 13 16 13
22 5 26 3
8 30 37 39
11 22 4 39
22 17 34 14
10 35 5 0
0 24 16 1
25 38 35 22
32 39 6 32
15 6 18 26
27 32 36 7
39 27 10 11
6 28 6 1
22 23 20 39
12 27 13 19
19 15 2 18
6 8 4 34
35 36 38 30
18 3 36 3
20 21 31 29
0 6 32 3
36 4 38 27
11 22 36 17
9 5 19 16
21 13 15 18
5 7 20 34
7 30 27 18
22 18 33 4
32 21 4 27
8 38 38 21
21 36 20 2
0 21 16 31
35 3 26 1
6 1 8 33
26 17 31 37
25 1 37 22
31 21 29 26
2 17 4 12
3 27 0 9
8 36 34 35
11 34 11 26
23 5 19 1
6 35 8 35
30 12 23 16
30 17 20 16
11 21 35 16
26 18 36 24
24 6 34 17
35 3 1 7
20 11 30 13
16 24 13 28
19 0 15 18
6 37 8 30
3 16 22 25
28 4 32 4
14 8 33 29
11 36 13 39
4 1 23 23
13 5 16 19
39 18 2 12
6 32 9 35
6 26 2 27
28 38 26 33
11 21 11 12
20 32 13 21
2 17 23 4
1 28 34 17
10 29 35 18
17 6 1 12
18 17 38 33
19 34 5 28
24 35 31 30
2 16 12 39
22 25 2 16
28 21 39 13
25 33 32 9
29 31 26 9
27 2 7 10
33 26 0 2
16 18 6 31
21 27 34 37
36 38 18 37
10 33 13 30
5 39 7 29
30 14 33 38
10 36 17 37
28 37 15 31
0 13 13 11
38 8 16 14
2 19 0 33
13 28 36 25
35 7 33 8
8 0 35 37
18 36 19 12
37 3 25 33
5 24 4 10
18 8 21 10
6 9 38 24
8 15 20 18
27 7 14 23
15 19 28 39
29 15 22 0
8 5 4 30
26 17 33 12
26 12 9 20
11 12 10 9
12 17 21 25
9 18 30 4
33 27 30 7
1 33 36 20
24 20 33 19
11 20 0 27
17 21 9 27
25 35 0 26
12 6 0 29
35 39 4 3
11 11 10 2
24 18 34 2
10 10 25 25
38 23 3 23
6 22 39 25
28 0 0 27
34 17 34 37
23 26 29 20
35 12 14 30
9 35 13 22
19 32 32 21
4 34 18 24
3 8 4 14
16 19 36 25
38 2 38 24
22 11 14 23
21 8 25 14
33 0 6 4
29 32 39 11
6 21 10 16
27 3 33 7
12 22 31 27
9 17 25 20
8 36 19 9
23 21 20 15
0 25 3 38
15 36 16 14
2 36 24 4
31 15 15 19
0 34 11 18
24 29 29 21
35 0 18 4
28 16 19 28
12 27 25 13
16 20 4 31
14 26 26 39
1 9 7 0
8 31 22 7
36 31 15 18
21 19 23 29
7 21 30 19
14 37 25 5
5 10 39 2
8 2 21 2
4 30 17 33
4 15 30 11
15 32 39 10
10 0 11 9
9 10 30 1
1 20 25 11
33 24 6 27
18 6 4 2
34 4 19 34
4 3 11 36
12 33 33 36
3 18 11 26
18 25 8 20
32 10 15 11
9 16 19 34
12 1 36 12
32 30 16 5
18 38 23 14
7 22 34 13
28 23 17 22
38 1 30 12
21 1 16 19
21 8 10 2
5 12 11 23
21 14 12 22
34 8 12 2
29 26 3 20
28 22 28 28
7 13 39 23
28 30 1 16
10 29 22 21
35 31 16 18
14 34 29 17
7 9 32 26
29 27 22 5
7 27 30 16
7 23 25 19
26 16 27 10
30 2 12 37
4 15 6 6
16 22 12 27
26 34 27 17
15 34 34 33
36 2 3 21
37 26 20 31
32 3 31 30
36 7 15 36
29 24 11 33
25 2 24 14
5 10 1 28
28 10 15 0
11 33 10 26
3 15 5 18
18 14 6 14
29 27 36 14
32 38 13 27
11 3 14 22
38 18 31 17
12 37 32 13
21 28 35 22
33 4 21 23
19 39 3 35
13 7 13 38
15 30 35 7
37 7 22 5
28 10 12 21
29 20 24 13
28 19 24 34
31 18 7 35
11 20 23 5
17 28 36 0
26 24 24 16
26 22 10 8
16 15 25 4
18 37 22 12
33 30 22 22
19 39 13 13
1 33 1 24
16 22 4 19
11 11 30 13
2 37 21 26
1 28 31 10
34 9 2 23
11 28 12 29
24 3 2 39
15 25 4 21
29 17 38 36
21 25 14 26
22 2 32 37
27 5 18 26
7 5 4 5
16 26 14 0
23 19 29 13
19 9 15 0
12 10 33 13
22 30 14 21
37 38 8 13
35 5 33 10
3 30 3 6
35 27 8 25
11 16 21 39
16 26 11 24
3 39 19 31
16 26 25 15
21 31 7 8
16 34 2 1
10 34 27 21
11 4 20 34
39 14 11 35
14 36 15 36
38 21 22 12
19 3 10 27
25 14 11 3
15 32 1 21
13 38 6 5
20 1 18 36
38 23 16 9
15 9 18 26
24 23 29 11
13 38 16 12
21 24 26 38
35 29 35 11
1 21 4 10
30 22 31 36
34 30 31 10
19 6 21 31
5 28 13 8
11 34 25 15
34 31 36 5
3 16 0 17
9 9 35 32
21 0 13 36
15 21 6 12
27 5 3 11
25 18 23 28
11 0 20 3
8 39 8 25
24 29 38 34
18 17 24 6
26 33 36 20
33 30 19 4
37 11 1 35
33 1 21 13
14 34 20 13
32 5 14 34
25 11 18 4
23 9 6 20
37 35 11 25
28 33 9 5
26 16 3 4
31 31 21 8
35 2 8 3
7 2 32 39
21 14 29 21
35 35 13 22
25 16 16 25
9 29 39 5
14 16 17 4
29 16 5 18
17 3 33 3
34 4 7 5
20 9 11 33
21 10 1 38
36 30 35 25
36 14 6 32
33 21 37 13
10 19 38 11
1 7 20 23
7 28 1 24
35 2 36 20
15 5 20 11
20 23 35 26
24 31 29 2
6 0 13 25
14 11 5 20
18 38 20 12
16 17 14 31
16 26 33 7
24 4 22 32
21 15 22 10
16 18 10 15
26 32 36 0
28 24 25 35
36 38 37 26
33 24 2 3
33 21 25 12
3 28 2 4
9 23 32 15
29 28 38 16
22 8 37 6
35 7 21 9
29 17 37 29
19 1 23 33
27 21 1 11
6 39 8 9
12 15 36 39
24 5 22 6
6 15 15 33
38 16 17 35
3 39 8 4
15 10 21 18
24 9 15 21
6 34 1 14
20 39 34 23
37 12 4 30
22 32 39 38
10 9 27 0
39 16 10 33
5 18 19 27
17 1 9 14
37 5 36 37
30 9 17 11
32 29 12 38
21 31 17 20
30 1 14 6
28 32 32 24
18 26 28 36
16 24 2 31
21 18 2 10
10 20 1 13
31 6 0 6
24 28 19 20
19 22 4 22
35 23 30 8
27 15 25 12
39 18 35 24
11 6 8 3
3 11 33 3
1 28 1 7
29 6 20 26
12 32 35 9
3 39 39 25
7 1 2 34
4 23 20 29
27 8 27 27
20 25 2 21
7 16 31 23
34 7 23 2
8 36 5 37
5 35 36 27
20 22 37 8
31 25 20 32
23 38 2 20
22 25 17 0
16 3 23 17
22 3 21 36
27 20 0 6
38 2 9 6
18 13 13 28
26 24 27 6
34 10 27 23
19 27 19 30
7 30 8 32
17 5 31 25
5 36 5 14
5 16 19 12
37 15 39 18
1 7 20 18
6 31 23 30
21 7 15 38
32 28 3 36
32 3 22 23
6 25 24 5
35 15 26 15
29 27 24 8
37 10 33 10
29 4 13 10
7 26 5 37
3 17 2 25
17 9 7 0
18 31 30 32
31 11 3 14
14 14 7 11
38 6 25 26
13 28 10 22
26 1 32 26
1 15 19 28
35 25 2 29
10 38 38 21
38 32 14 31
39 25 6 20
1 27 33 20
30 33 27 35
4 26 13 20
5 11 5 28
31 25 12 6
37 20 34 28
29 14 10 13
18 27 30 16
26 14 7 20
18 19 19 33
29 34 28 3
29 28 29 17
24 20 36 29
5 37 1 3
7 16 30 13
35 17 23 18
39 18 23 37
31 24 14 5
23 18 3 19
34 5 3 32
11 0 29 13
21 3 34 34
25 38 25 18
32 37 26 21
36 28 19 18
12 21 22 32
15 25 14 39
38 9 4 22
26 12 1 10
7 4 34 16
24 23 15 35
0 8 39 36
0 10 39 4
32 16 32 34
23 39 6 7
11 20 25 5
16 28 39 2
5 35 10 30
10 2 38 3
39 33 15 26
35 24 20 22
10 16 6 22
33 36 20 12
39 29 11 29
37 34 35 31
30 8 9 22
27 24 9 11
22 36 16 35
20 8 34 31
10 27 2 4
1 21 4 39
6 18 14 10
31 19 8 28
21 11 0 30
25 10 37 30
18 19 25 37
19 15 20 25
5 30 27 9
3 0 34 37
24 0 12 36
14 15 29 28
39 23 39 21
12 16 1 3
19 16 37 10
8 9 3 4
1 34 26 35
30 32 19 3
19 35 0 11
15 26 28 16
11 8 33 27
31 25 24 4
24 36 38 2
29 26 33 39
17 38 35 33
32 28 37 16
1 10 10 16
27 16 11 21
26 20 22 6
8 13 11 35
35 34 6 17
28 13 34 39
16 7 30 30
36 39 15 28
30 16 7 23
10 12 27 10
17 14 2 10
31 5 35 27
5 38 0 33
24 17 25 15
17 25 28 18
3 14 3 14
38 5 36 1
0 13 3 10
33 36 5 36
39 14 24 29
20 26 37 16
31 10 14 2
2 12 7 30
9 20 4 4
12 27 30 28
21 34 5 32
36 35 7 15
28 18 24 1
32 16 19 20
19 9 38 30
19 4 14 18
1 7 10 36
13 30 19 8
21 7 7 12
21 0 29 34
23 37 20 3
36 25 1 4
2 17 24 3
21 6 11 34
0 12 24 31
18 29 1 21
0 29 37 18
1 1 34 39
27 4 0 9
7 14 15 12
36 23 26 24
13 15 35 9
16 34 1 12
20 30 32 31
18 15 34 32
20 23 20 31
0 0 20 2
2 7 16 11
24 14 7 1
15 16 3 38
11 10 7 7
17 14 1 28
38 17 22 6
1 37 5 27
6 21 0 35
25 26 10 0
4 4 32 32
38 32 5 4
24 31 33 0
4 31 3 8
4 9 4 37
12 35 1 19
8 37 11 35
29 37 32 25
27 15 28 2
5 11 33 8
17 31 15 8
18 11 18 26
39 38 7 7
16 2 17 22
1 3 2 19
34 4 5 0
38 11 11 13
25 17 35 35
39 35 38 39
9 19 31 16
16 39 10 1
24 3 5 22
27 19 6 19
31 10 9 2
0 6 31 19
22 15 35 8
21 39 36 23
22 24 29 19
26 19 10 8
23 14 6 27
34 5 21 30
33 8 9 39
30 24 18 19
2 15 31 6
6 21 39 25
22 35 22 26
34 25 13 15
1 23 21 11
24 9 20 33
16 7 21 5
17 4 13 13
24 27 34 5
31 4 32 21
9 7 36 11
23 33 10 25
36 29 32 6
23 23 4 26
39 34 31 38
10 13 16 16
2 31 19 20
17 28 0 0
13 29 35 16
21 35 19 25
10 8 27 26
20 2 11 18
3 21 8 24
0 19 3 33
38 8 36 33
4 12 21 37
3 8 3 20
35 34 6 12
38 8 12 26
22 29 34 29
4 13 28 17
38 25 32 29
27 37 32 34
32 9 29 28
19 26 6 9
27 28 10 3
4 24 16 27
1 9 1 1
36 25 9 20
25 14 6 31
25 30 17 23
20 17 13 20
12 10 21 28
1 33 6 36
2 39 13 7
39 27 15 10
7 1 11 26
34 31 10 25
1 32 26 7
10 8 24 23
17 29 35 32
3 37 39 18
7 4 34 28
10 30 19 3
39 33 36 37
23 5 32 25
21 21 2 20
34 37 11 13
22 5 17 5
5 11 34 33
33 36 4 12
22 32 21 32
22 29 3 13
37 7 6 36
38 12 26 18
19 21 2 20
21 26 39 36
10 34 0 31
29 11 9 10
7 19 28 8
13 17 10 12
4 30 35 4
35 12 37 18
4 8 0 8
10 27 12 16
39 38 0 26
34 9 30 19
27 1 1 0
22 34 2 38
33 36 33 5
22 15 36 10
15 11 18 20
4 13 32 14
5 4 13 8
14 12 1 31
25 12 16 38
29 1 7 14
13 2 4 32
31 1 13 29
4 32 18 9
26 21 27 12
26 37 11 19
37 8 2 16
20 5 27 32
24 37 34 34
14 6 25 3
12 33 7 8
6 35 7 28
25 22 25 12
17 38 38 13
32 17 32 0
32 5 18 17
22 0 30 36
16 37 31 12
29 7 20 18
8 19 30 8
38 24 32 16
5 36 1 26
27 33 30 37
2 20 23 16
38 19 7 31
19 20 3 17
13 1 29 24
4 4 15 29
39 3 14 33
26 27 28 13
24 21 25 30
39 28 28 7
2 16 34 38
6 36 15 36
1 26 12 32
0 26 8 30
3 13 21 5
0 28 31 23
4 15 28 32
16 30 3 22
35 12 19 13
22 38 8 2
28 13 16 8
22 23 13 33
26 18 2 28
21 18 9 4
37 16 18 25
26 14 30 36
7 35 21 33
0 20 27 27
14 17 35 15
9 20 35 3
16 4 12 5
20 27 27 33
5 39 35 12
33 11 13 7
31 12 11 33
4 19 33 19
22 24 10 10
24 27 5 13
37 38 9 29
19 19 10 26
2 27 23 11
2 22 17 5
37 9 37 7
37 16 7 17
31 3 8 8
31 9 24 0
0 10 36 3
30 10 25 9
34 23 30 11
18 24 29 7
31 0 29 11
29 34 30 9
1 35 27 16
21 17 30 27
35 31 21 18
26 11 31 29
21 31 35 29
23 5 38 31
35 16 0 33
5 6 10 29
11 6 35 34
3 16 37 13
16 37 0 35
37 34 34 11
5 16 33 7
26 27 6 19
22 21 39 25
8 36 33 24
33 9 25 10
16 15 7 36
26 3 20 7
17 10 33 30
13 17 36 36
33 5 25 6
31 36 31 8
23 28 26 2
25 3 39 15
24 39 24 20
32 10 25 26
15 29 25 35
7 38 17 12
16 18 6 17
5 11 7 8
2 26 18 34
25 36 7 31
16 39 9 20
26 19 19 29
35 34 6 10
31 8 21 36
17 34 5 17
31 4 34 10
27 8 6 23
7 29 33 15
30 3 37 12
7 38 25 12
15 20 5 34
17 20 21 0
39 38 29 5
37 27 8 31
17 26 13 14
28 33 27 22
9 39 11 20
32 29 30 23
28 27 31 31
20 36 25 20
1 21 19 7
13 22 34 0
31 9 23 10
36 29 22 37
30 30 8 14
33 8 34 4
6 26 17 5
37 10 18 22
37 11 5 35
13 25 37 2
32 5 9 35
7 3 4 3
35 13 15 15
0 3 7 31
24 39 16 27
12 27 9 20
13 14 7 27
27 23 0 5
18 20 24 24
7 11 21 31
29 37 27 29
35 37 20 6
35 28 3 6
0 38 4 2
6 31 8 26
6 1 22 39
14 39 24 12
19 31 13 27
9 29 16 17
27 11 20 1
7 16 32 4
37 35 23 31
24 38 37 23
39 27 6 37
15 26 20 9
20 34 3 32
19 1 9 27
15 32 8 19
25 39 32 2
35 20 29 38
19 19 35 0
12 5 21 37
13 31 30 0
17 0 23 26
18 26 15 36
22 11 9 39
29 17 7 28
38 25 23 29
16 2 27 26
17 0 27 34
13 33 29 27
13 19 17 13
38 17 15 1
33 4 3 35
27 20 15 11
16 29 4 21
32 7 8 24
9 36 1 8
20 13 22 31
4 37 31 24
26 18 29 22
18 14 4 1
5 29 37 4
11 0 33 17
13 29 13 27
37 33 31 18
20 23 31 19
11 29 31 29
30 26 11 20
31 0 16 34
7 30 21 32
4 4 31 19
0 27 23 20
9 18 5 22
9 20 28 29
13 37 7 25
7 39 28 30
8 26 39 20
34 10 32 17
8 24 35 3
16 8 2 27
10 0 23 7
37 19 32 0
26 18 39 10
7 15 32 24
19 36 19 19
31 8 12 24
32 10 38 33
30 11 21 35
27 34 0 17
37 6 21 29
34 27 19 15
4 9 19 0
35 33 16 17
24 2 4 33
38 37 25 5
23 5 10 12
5 27 8 4
6 11 38 28
23 12 36 5
15 1 8 21
31 24 26 6
5 2 30 17
12 35 19 14
2 20 9 6
3 32 19 18
6 9 31 7
4 30 29 35
31 17 7 25
18 7 36 12
13 15 7 0
16 26 27 29
14 16 19 2
30 21 36 20
11 18 35 32
22 16 13 26
23 5 18 29
12 36 34 28
7 25 23 28
9 33 3 16
33 1 36 22
32 10 21 15
26 20 13 35
9 21 11 25
24 19 34 5
38 17 19 29
21 7 21 14
14 38 21 28
18 14 9 23
31 14 10 30
24 2 24 26
5 1 36 15
30 0 24 11
12 16 39 33
27 19 15 19
4 22 7 0
6 30 39 34
32 12 30 30
10 37 34 14
29 32 14 12
27 32 1 32
25 21 35 19
31 8 3 24
38 18 23 25
7 3 38 12
28 14 15 11
14 10 17 29
17 16 31 31
14 1 25 27
11 5 1 28
5 7 19 25
14 30 35 1
30 15 39 29
15 7 5 4
15 21 25 2
32 15 17 16
16 35 22 26
20 11 20 1
13 25 36 29
33 27 2 30
33 2 19 33
36 21 23 32
26 15 27 0
0 39 31 9
29 9 14 5
17 33 35 26
35 23 30 20
23 32 31 0
2 15 0 28
39 12 35 9
32 34 31 38
39 17 20 32
20 13 0 10
21 1 38 4
30 24 36 16
0 25 28 6
20 5 37 31
37 20 34 33
30 4 30 26
25 39 22 25
2 18 15 30
15 22 29 18
18 32 1 26
37 15 16 12
12 9 9 2
26 37 34 29
20 10 8 16
19 13 23 15
1 10 2 18
35 4 3 8
0 23 19 31
6 25 37 21
19 0 25 11
35 34 38 31
17 16 13 6
1 26 29 2
5 10 20 16
29 2 32 8
37 2 20 17
11 17 9 6
30 35 22 9
14 39 26 37
13 36 5 13
9 15 0 34
34 34 25 0
31 37 37 32
11 10 10 8
37 19 39 8
7 17 14 1
6 7 23 16
9 8 36 31
34 27 28 9
28 25 10 17
30 7 29 12
9 16 29 32
24 14 10 26
14 10 11 6
12 28 7 38
28 35 13 38
34 37 14 37
23 1 1 36
23 3 32 21
31 37 11 25
2 3 30 37
19 7 19 4
25 20 38 10
38 11 39 37
34 11 0 23
2 38 15 3
35 4 21 35
15 22 33 16
5 23 39 25
32 11 5 9
8 4 1 21
37 5 14 26
33 11 2 34
6 30 18 25
2 15 2 35
2 27 39 32
33 20 21 13
17 7 26 5
5 37 9 30
0 12 32 38
37 35 35 32
39 11 1 32
7 5 37 26
7 21 8 1
24 11 37 2
36 27 38 26
31 6 16 10
34 18 21 1
1 26 33 23
15 22 12 34
9 3 19 11
31 25 33 35
5 36 26 23
7 21 19 25
30 32 24 6
37 25 36 10
7 22 4 6
3 38 13 21
14 33 38 13
6 23 30 15
20 36 0 11
6 1 27 13
16 3 13 19
6 24 30 1
20 20 17 23
34 5 34 8
35 20 29 26
31 17 32 15
13 28 27 25
34 6 33 7
1 30 12 15
9 23 30 3
26 35 10 11
2 27 18 26
28 19 21 4
21 25 20 31
0 25 13 1
2 30 30 27
26 24 14 11
22 28 9 16
25 32 6 36
28 31 24 28
27 6 35 4
14 18 34 10
23 5 9 11
11 29 8 3
16 35 12 12
10 10 11 0
16 15 9 22
22 0 37 4
4 15 27 5
26 6 20 9
8 28 37 10
9 1 33 17
14 17 24 16
31 26 2 22
21 34 39 11
20 0 25 20
34 4 8 23
18 15 8 14
28 34 37 24
37 11 1 27
33 24 23 4
22 11 4 31
30 11 9 26
33 4 26 7
5 7 10 4
19 32 14 22
31 37 28 25
36 27 8 35
12 6 10 18
18 7 31 0
33 24 27 25
2 36 30 36
35 28 15 21
31 29 39 27
11 11 15 15
38 18 10 21
23 16 11 16
27 35 2 31
21 12 8 20
7 26 28 10
24 9 15 0
30 25 21 18
39 26 3 13
30 10 4 19
18 2 13 10
31 11 29 5
36 37 20 39
10 8 12 13
3 5 28 25
23 14 22 9
6 26 30 2
18 37 36 1
7 39 11 22
8 39 19 27
39 24 33 26
39 15 19 38
7 14 21 9
23 22 9 33
31 15 37 3
29 30 36 4
30 32 39 6
35 29 17 12
35 37 1 28
11 37 21 14
34 4 38 14
36 10 11 5
6 9 28 37
27 14 6 22
11 2 38 34
31 33 39 6
39 2 4 37
17 11 19 14
8 7 5 19
15 2 35 2
34 0 30 18
5 20 25 23
28 11 31 35
1 38 37 2
17 16 5 1
7 39 14 31
25 11 3 9
39 6 10 34
30 31 15 28
18 13 37 27
14 7 14 4
23 22 18 34
19 30 17 37
23 33 27 32
28 22 32 27
28 38 37 32
7 7 27 15
23 21 29 21
24 6 7 38
18 35 24 38
4 17 39 24
35 6 13 22
5 39 6 23
2 1 38 20
7 18 8 32
24 16 2 7
12 5 25 28
20 37 9 36
19 10 39 22
26 27 33 3
30 27 10 28
21 13 14 23
0 5 24 10
12 16 25 15
35 6 10 16
34 31 37 1
7 11 4 39
37 18 6 8
24 25 25 13
1 20 20 13
24 26 37 32
36 1 10 37
30 36 29 19
26 31 3 2
15 14 1 25
22 13 22 27
7 15 39 4
18 0 23 8
9 5 14 30
21 16 31 34
28 27 9 4
26 23 8 26
5 21 13 27
25 29 38 1
1 24 28 36
34 14 39 24
1 36 2 18
27 5 1 36
6 32 27 6
19 21 36 29
25 6 24 25
32 7 12 12
14 27 32 15
20 4 35 10
8 39 28 23
22 15 23 30
5 3 24 7
25 16 0 15
14 13 7 24
16 4 38 22
0 7 27 25
3 38 34 4
20 15 5 29
30 19 2 19
16 28 31 1
25 34 16 7
3 19 10 27
26 28 11 32
36 29 34 36
38 1 3 24
18 34 29 27
4 37 2 36
9 16 39 18
28 20 30 25
16 10 31 5
9 32 10 29
20 7 38 10
7 37 34 9
5 4 31 28
26 6 31 8
23 24 16 32
25 26 11 15
16 1 9 0
11 18 11 12
19 28 18 18
3 19 25 6
34 12 7 3
27 27 31 19
13 8 37 11
0 38 4 2
4 1 6 29
26 23 30 9
7 10 24 1
6 36 5 16
35 11 9 13
7 32 11 29
3 23 8 32
38 25 24 24
29 21 32 32
29 14 31 5
8 38 36 23
12 35 11 2
15 1 7 15
9 16 1 39
0 9 25 7
29 33 4 12
29 18 14 15
12 24 15 7
37 11 31 7
8 15 39 6
38 39 39 3
37 12 16 37
13 33 14 12
31 7 32 24
13 6 21 33
1 19 39 32
15 7 27 14
36 32 16 23
10 9 33 12
15 36 6 32
9 25 29 12
23 27 4 24
3 5 11 6
37 30 27 31
36 38 3 0
13 13 24 21
4 26 10 33
1 22 1 1
23 5 19 8
2 38 32 23
31 22 20 24
37 14 29 3
38 20 17 31
13 31 22 19
33 12 38 20
34 27 22 1
1 22 15 39
32 22 22 9
22 3 16 8
37 14 25 0
10 24 0 34
32 33 12 6
30 36 20 14
27 12 34 15
12 36 30 20
19 28 20 35
11 27 9 9
9 31 35 17
16 36 10 8
0 8 39 4
29 9 36 11
30 23 11 25
25 22 23 29
10 36 36 31
12 19 25 28
8 21 20 37
21 12 10 37
29 2 33 16
24 9 30 25
38 8 15 5
10 4 20 23
10 6 11 19
31 18 24 3
36 31 16 12
10 7 14 0
1 25 37 32
18 37 22 2
32 32 3 37
6 30 9 6
35 38 6 9
35 37 0 1
26 26 22 23
11 12 37 7
5 26 25 1
18 12 28 38
4 15 30 33
28 33 7 7
34 34 12 21
28 3 7 32
7 35 21 26
36 37 28 34
3 5 27 26
0 36 31 9
26 5 15 37
26 10 37 15
26 23 34 26
19 37 15 24
11 7 26 17
28 27 15 36
32 35 22 24
33 22 32 9
28 0 23 22
26 14 35 1
36 9 1 28
0 18 30 24
4 13 20 35
12 20 5 36
13 20 30 39
10 7 4 2
13 14 37 8
14 12 24 8
15 7 35 19
5 1 23 9
7 20 0 38
4 39 8 11
19 35 33 6
28 16 15 14
23 35 38 37
20 32 0 16
13 36 15 2
27 11 20 23
39 39 12 30
8 2 15 37
30 35 26 0
30 35 35 37
28 26 24 37
3 20 22 24
15 12 29 34
24 39 4 37
8 26 7 15
26 2 21 28
37 10 21 21
15 12 34 20
0 17 13 29
28 17 32 25
35 33 2 28
29 14 33 10
4 31 21 30
4 2 23 5
23 37 19 26
35 31 33 20
24 5 22 31
8 7 30 37
30 4 15 29
29 27 17 31
38 1 37 31
35 11 32 6
1 17 6 9
22 7 3 20
28 16 36 38
5 37 10 19
22 35 18 15
17 21 7 6
23 6 1 25
32 26 8 39
30 3 29 34
26 16 17 11
22 7 4 37
24 10 22 35
4 16 32 12
30 11 23 34
8 26 5 31
28 34 39 23
9 18 13 14
19 6 33 34
10 9 19 8
16 22 32 36
25 21 8 3
21 27 21 4
23 13 26 29
14 37 39 16
21 19 11 13
8 35 35 24
16 19 4 19
33 25 9 29
18 5 17 37
27 4 11 7
24 15 4 33
5 14 9 12
10 12 36 21
34 32 8 12
31 21 7 6
7 3 9 1
35 28 39 35
27 12 8 8
0 36 22 34
37 36 0 38
39 8 23 26
10 31 33 26
15 9 35 1
0 0 0 0
