1000
785445 826307
338155 875024
133060 915678
133101 348722
6780 311193
661274 910611
298372 687165
714201 874536
155440 568137
328607 957092
487625 496736
197352 987461
25933 608306
589618 821022
117373 434395
342504 812455
577127 727090
673371 685608
68117 392543
448177 580966
722188 990716
653748 910776
135277 331218
179881 581272
739807 764134
276751 825681
395832 608172
189942 440985
470058 692213
432231 742642
524239 724634
827887 872066
12767 735099
332773 568955
122134 788864
37833 932121
1763 588180
289509 434668
440 94688
107644 828142
350559 865682
63309 210988
393361 830786
108434 566526
198727 792728
232728 908777
323229 931569
605431 973659
540388 832867
418136 755049
51573 892280
343082 732535
301813 589928
331256 624617
400352 992441
622521 931618
283534 398777
227769 466688
92278 880923
412868 830634
398655 792961
444721 458812
392693 528922
53505 968465
684624 689161
257601 613627
63712 410283
76230 137155
591974 814116
220725 297171
456244 533606
355544 763242
152208 286796
565314 956317
437850 839665
894704 910053
355747 412208
199358 782291
758863 946198
623030 787442
17970 684026
3532 312368
191488 375128
523674 678740
120116 212101
446318 893469
482714 668233
457556 694626
64540 392279
595405 636130
212091 614655
211947 918110
203737 449950
817195 922916
480187 518862
20701 506489
179704 487402
381002 679075
168853 398320
209678 880160
21508 948429
511332 973507
124814 386277
316398 809152
372242 498523
24242 623485
927551 995437
47998 674430
159648 210360
827000 973039
216465 832210
365354 684661
13913 990749
119847 943203
126481 141721
476757 611659
405532 973923
380814 472255
485825 945915
162781 751377
112603 226405
672431 952308
163809 998835
587220 714376
14967 175022
193172 716904
688494 714358
442565 682630
95233 557512
516621 871972
193239 464158
566403 957425
461836 718345
560110 991475
429918 695315
449320 568531
265773 585759
297930 368871
121963 419309
507914 537479
40681 971464
339523 861259
274802 459591
377897 640304
349315 380116
730647 732556
188083 578726
99748 132541
198046 475975
108309 484457
245450 757562
161836 779598
36699 555524
468512 827022
186884 384879
198930 995896
407780 520606
303090 897974
577049 859410
247321 350265
101542 146097
149659 196626
346949 521874
83094 364462
464904 984373
648815 808746
12107 252075
311115 831156
80911 114575
814042 829103
11301 55297
354348 600100
195343 202677
228533 746242
811213 981906
844304 856907
905892 998889
312978 419124
181414 771310
401251 509168
592772 599790
384170 891868
135128 525061
354136 437451
760973 887450
226687 397183
84103 970873
220342 319791
215404 937784
63941 217032
636901 729462
872701 996714
445297 930064
448698 954804
173570 430715
68510 406630
538404 625969
40721 614584
336833 727749
36936 219706
352221 446131
333178 649740
452207 944035
9771 816546
617762 783320
164313 786479
538922 651292
163353 353497
605926 628250
29319 357167
825737 872021
277063 506745
693289 708097
186641 191927
201872 814547
213700 868208
17930 524715
430518 850969
229130 773438
199345 609886
202394 800199
103134 405507
577464 589644
91425 735732
855751 958396
674705 862105
273707 519635
49764 72599
464231 929583
306544 314708
154708 409429
481944 962303
737731 907971
350852 572833
174988 701271
59780 986485
317543 348987
7833 907572
200951 994319
330850 488718
763740 968526
129250 319151
633383 657389
257562 644888
570787 692981
154469 303931
36960 470997
121656 245850
633607 837235
459187 525297
256867 331920
747663 917163
113671 974695
226907 385407
498553 665891
140803 941864
664300 990266
332329 490318
120065 745318
550295 946742
262321 818659
556722 916369
233331 397206
135945 195293
803860 994177
135683 624782
23744 949465
172591 985545
393690 648176
828165 967711
333896 370749
348551 507175
801408 997364
785053 915699
775405 955742
140474 408620
46575 930698
126530 756122
204392 274118
393078 395039
539912 943727
444888 929993
195323 844634
3762 666611
144308 747498
523308 758322
700112 972732
283579 671888
491622 704379
69365 892044
285707 578623
382880 660291
346951 389611
512099 648509
367384 387080
268198 862779
86572 579190
484362 809631
341873 953972
219523 615445
35153 612656
92327 257004
216769 944840
685782 732133
64912 898591
229010 402576
144795 225132
333418 880985
118426 425785
250098 507325
476543 568625
264573 596119
541097 719013
763156 797893
478066 830686
243969 882525
13279 823999
524441 936115
21152 185859
19870 110493
312443 374020
307947 868575
166254 511288
709154 895434
113387 256984
305850 437890
258741 356217
173792 897697
199058 433050
405562 734158
710257 836820
412104 784235
216566 728252
25570 623730
60689 117669
9677 286744
60598 159530
474528 657431
356510 802751
539573 830503
451905 695807
378959 873902
129582 898353
443841 445630
151456 796982
51989 972685
284249 988177
166161 943796
77590 693290
16435 138551
41082 302685
116922 160957
687089 989229
291044 673543
199688 918854
301223 762406
758842 829164
405400 771966
369893 480099
285576 539945
287012 664600
748133 760388
166029 936838
478989 960862
252365 266131
66523 269925
74860 627525
187683 271213
630757 664280
44697 969436
436808 988826
442007 484895
203601 585550
171091 690885
107225 956667
366162 687697
741365 999981
529772 759425
157272 755901
389184 593607
263966 414658
7164 120202
38656 169522
209514 730656
608248 929989
202094 420746
45210 428571
477468 988392
272689 335768
353704 679299
211751 822977
187534 994456
522884 798075
381157 547855
372044 604227
255745 489625
698995 991422
96004 168696
368953 573231
393440 518863
161999 618758
5122 451951
632622 931644
142261 743314
86996 606089
350439 868402
339728 345846
748947 874438
5023 15486
152942 487168
145243 189242
304752 525662
154123 202729
73598 660610
150560 871743
193943 607738
806401 954614
182914 488179
79705 339555
482262 981021
548957 905845
371556 504579
32193 483748
655465 659906
52930 887821
89932 554288
244648 973995
627846 989381
149733 396624
640300 998854
776516 871858
666632 897142
361678 764276
47628 50742
175847 330716
556725 770430
121077 742195
668826 921656
321944 422641
94294 361537
271988 873263
150307 239384
413167 743527
347833 370584
434271 511174
229532 661418
239620 632821
128424 500910
62013 833316
256687 788959
537642 588875
234271 673429
77244 841385
633946 902157
145833 790222
476160 890145
301273 875654
195735 527697
248839 940005
942182 999606
35970 955289
316533 345988
50173 883446
716269 862410
284103 974716
374309 589434
914962 943517
8848 31305
480188 886926
179221 510106
431101 776991
114847 278090
93631 246225
316069 531573
102512 895931
177518 888486
763806 959148
10279 883132
218271 700279
231510 355756
808427 854025
129114 425747
185625 592482
313919 475681
359381 818825
208318 951631
350131 478112
339252 997408
397196 892603
366077 391218
659286 794763
586319 954871
478281 638406
664842 982405
222086 239110
766532 964882
128309 768778
56910 234156
264227 744003
507425 784967
223642 621299
359186 690783
63385 906514
1996 65103
551994 839602
21273 824807
731717 860759
258988 480695
771826 833070
10991 355266
564992 808946
109606 686027
171160 614212
299778 973107
304669 538703
678 826263
647258 753437
404791 925702
185269 696280
356440 953355
538356 649349
176105 353302
318764 652807
454175 591034
24640 674338
451968 644741
219978 656483
368055 550674
249673 993414
639347 848655
762470 938515
324461 335625
687034 766692
808353 958144
319468 517717
158113 294143
313662 675580
754290 925035
25447 334556
106745 986289
220010 851202
376679 873567
451735 718061
141329 166792
26351 177143
367624 948837
721540 832176
890192 995960
223504 292225
149474 793858
496821 496967
531592 753420
611592 797259
257816 975176
760221 869366
406263 508562
66534 374235
220634 250858
88719 703858
188931 261213
898892 954666
192824 966026
511357 803583
176196 933199
725175 941281
55833 155485
167152 885693
210172 534002
85267 745524
187510 605660
238100 597837
12698 760380
321209 359810
502839 708168
136851 641124
416300 643795
166326 830921
425378 962948
333739 580538
1719 208941
409193 553948
54963 85158
25596 44193
49615 799695
140550 292497
249585 390183
317655 364742
893297 924064
120755 889617
72554 399846
309592 662551
116924 791504
439497 874053
129461 895842
152500 317115
5750 814386
151999 930074
60602 516270
479437 944864
151994 190931
576162 767827
165471 169428
655296 993942
246209 460879
616320 750781
18078 587984
156007 649298
273348 481417
208193 416110
879215 929173
303453 434693
223818 917913
605256 683339
255334 570444
305790 339213
180692 871677
18478 201838
268387 361679
260168 339077
12985 938313
677843 707584
17550 500392
203266 966929
42760 182223
52659 668900
159817 544696
508719 575338
181936 676438
185051 988657
60685 469592
95869 690448
21457 855738
232356 727511
662220 871476
180689 453752
818488 930947
164475 652406
406300 807921
673206 902047
540924 763713
765995 858688
185201 641737
73744 326278
653069 783014
10449 829950
317868 816910
682382 801258
804665 812310
334126 576264
34391 632659
518963 952343
143946 970189
523428 887329
82360 747856
499809 814550
364348 958907
368064 688572
759160 851553
158232 738609
12389 130807
462219 763575
599425 931546
407600 975599
67454 765609
416995 642481
405473 873484
329732 544374
439426 689521
599022 864663
422514 615606
620780 780250
12146 930783
704029 757277
760799 922473
489812 558748
296954 733949
305953 444757
837376 938206
295646 416596
299450 369639
481733 616236
670200 740550
435358 468536
401211 855433
251431 647108
705192 806064
339727 917738
388620 992409
369014 532869
325709 685901
305396 515295
348921 794467
311813 441021
291523 492571
165471 935366
112835 724727
653442 709417
286091 421099
406263 451787
106678 279871
286308 649067
73537 101703
75883 837625
612531 912068
176453 212462
799577 898451
2099 585046
831858 927170
182211 934341
816648 823052
566468 800028
821705 921052
246269 564209
403949 889831
190461 567326
239727 558780
560381 618973
572732 844457
98612 566661
212067 654067
800293 808865
701143 835786
241784 392388
531323 551968
496772 729268
259236 990930
147242 299879
697970 885309
674183 732232
336039 944380
53204 145273
109473 125950
261982 742612
305465 684304
21749 566978
253029 328061
382549 962091
425949 602648
534194 665036
591039 784158
312309 591794
102590 495288
13960 567217
507421 790420
298794 786729
469890 914237
607919 672951
210277 321226
490832 493543
84052 740124
517872 924763
446015 634821
3898 7383
71084 210765
435804 929025
56334 763220
186167 372147
147824 286850
650822 992635
317358 678216
713354 796489
204540 515276
12512 493773
237177 854904
178767 649802
551724 701221
685292 722823
229332 934429
87429 673567
420672 602392
62368 207351
242354 271017
747584 984416
517059 591358
777167 808443
86426 173239
315819 761884
180270 555379
219064 831984
225861 672200
637736 742293
4500 739370
535214 787223
724337 758885
553758 855420
201372 326886
178156 912220
579155 687956
620547 843582
100063 972981
464291 963745
80052 407542
398878 626325
69598 227457
101252 323591
611394 990143
214830 968201
571482 645589
68482 819425
85750 848528
153948 860825
53320 373212
365311 902170
451103 578455
382891 954085
262908 822169
22128 499015
591994 806382
136767 200435
156818 671449
520731 611373
289779 948967
247336 849280
44663 464293
510262 734884
406547 698834
866726 891020
840184 974648
528513 693753
270716 668852
76849 542285
411364 589782
797362 956285
520432 646057
157483 270781
187444 835914
528516 861782
81057 107182
631644 846398
559185 797841
569075 642737
56135 822623
44810 846955
253304 549396
194069 567369
253836 488795
118635 203740
89734 688565
55199 355422
311092 601586
229882 466797
222189 784620
482545 496251
314611 456539
178098 368725
361672 950308
135887 836803
12070 672266
354202 421446
79768 342529
358803 979150
669309 741163
98947 170808
860982 875731
491077 648016
575618 758754
533590 786453
392919 493896
182689 617551
290146 750739
142753 866297
765518 844326
23331 814655
338896 509196
313211 762461
156225 264929
545100 992932
462879 830462
180340 499309
140165 640094
716261 906003
24295 563755
30097 627945
264033 839499
104072 730827
50638 783839
591154 767528
155657 552872
238428 645900
350187 450927
194796 271055
539978 927192
455452 975319
207869 240906
344814 399645
364034 907532
353468 373918
112044 642622
817071 838354
611589 892348
94878 759508
317760 906042
326773 695868
46278 817575
535755 649252
505557 648117
118165 463176
111619 425566
334667 849903
946377 989460
264118 388368
245517 536057
58100 517926
150961 701084
705743 828156
134197 782103
235989 687720
650905 795528
717828 970456
420811 722930
330290 978334
68309 314184
743592 822186
12011 901077
726533 880176
295481 534569
188542 291789
215255 469257
665721 682526
449441 725903
670569 713856
626601 746753
635283 723576
264699 902136
403320 735258
121793 549978
102341 122346
225585 986684
166015 845091
100888 508356
519224 623457
455919 834350
635814 996511
531704 764277
659957 955759
244161 473980
124828 463683
294196 398371
324089 497654
91855 967941
109646 497313
189644 798754
101914 222930
291651 620907
10528 125955
489038 751129
407684 783962
363221 749480
644645 851423
532904 557822
615792 744463
358755 906232
59741 327152
220084 352344
357518 408772
206115 523229
270747 325455
129245 148646
387123 951598
168184 617644
226121 761440
636127 984241
828 418290
600441 681446
123865 251513
82570 594166
3426 34239
21763 975678
181037 349847
535413 587897
637270 763423
230740 811150
429446 709059
37293 112270
242139 881086
257664 950096
541106 756353
294776 419562
272958 516545
288194 335844
744255 962009
711440 818962
758282 835487
29032 890208
493922 894779
620614 780249
626476 949373
433523 611539
636107 830311
317295 337238
416490 612639
735347 760958
299707 463967
595868 917056
232547 310878
150032 653983
165888 851285
467557 553109
75124 768281
470193 845896
