3
5
7
9
11
13
15
17
19
21
23
25
27
29
31
33
35
37
39
41
43
45
47
49
51
53
55
57
59
61
63
65
67
69
71
73
75
77
79
81
83
85
87
89
91
93
95
97
99
101
103
105
107
109
111
113
115
117
119
121
123
125
127
129
131
133
135
137
139
141
143
145
147
149
151
153
155
157
159
161
163
165
167
169
171
173
175
177
179
181
183
185
187
189
191
193
195
197
199
201
203
205
207
209
211
213
215
217
219
221
223
225
227
229
231
233
235
237
239
241
243
245
247
249
251
253
255
257
259
261
263
265
267
269
271
273
275
277
279
281
283
285
287
289
291
293
295
297
299
301
303
305
307
309
311
313
315
317
319
321
323
325
327
329
331
333
335
337
339
341
343
345
347
349
351
353
355
357
359
361
363
365
367
369
371
373
375
377
379
381
383
385
387
389
391
393
395
397
399
401
403
405
407
409
411
413
415
417
419
421
423
425
427
429
431
433
435
437
439
441
443
445
447
449
451
453
455
457
459
461
463
465
467
469
471
473
475
477
479
481
483
485
487
489
491
493
495
497
499
501
503
505
507
509
511
513
515
517
519
521
523
525
527
529
531
533
535
537
539
541
543
545
547
549
551
553
555
557
559
561
563
565
567
569
571
573
575
577
579
581
583
585
587
589
591
593
595
597
599
601
603
605
607
609
611
613
615
617
619
621
623
625
627
629
631
633
635
637
639
641
643
645
647
649
651
653
655
657
659
661
663
665
667
669
671
673
675
677
679
681
683
685
687
689
691
693
695
697
699
701
703
705
707
709
711
713
715
717
719
721
723
725
727
729
731
733
735
737
739
741
743
745
747
749
751
753
755
757
759
761
763
765
767
769
771
773
775
777
779
781
783
785
787
789
791
793
795
797
799
801
803
805
807
809
811
813
815
817
819
821
823
825
827
829
831
833
835
837
839
841
843
845
847
849
851
853
855
857
859
861
863
865
867
869
871
873
875
877
879
881
883
885
887
889
891
893
895
897
899
901
903
905
907
909
911
913
915
917
919
921
923
925
927
929
931
933
935
937
939
941
943
945
947
949
951
953
955
957
959
961
963
965
967
969
971
973
975
977
979
981
983
985
987
989
991
993
995
997
999
1001
1003
1005
1007
1009
1011
1013
1015
1017
1019
1021
1023
1025
1027
1029
1031
1033
1035
1037
1039
1041
1043
1045
1047
1049
1051
1053
1055
1057
1059
1061
1063
1065
1067
1069
1071
1073
1075
1077
1079
1081
1083
1085
1087
1089
1091
1093
1095
1097
1099
1101
1103
1105
1107
1109
1111
1113
1115
1117
1119
1121
1123
1125
1127
1129
1131
1133
1135
1137
1139
1141
1143
1145
1147
1149
1151
1153
1155
1157
1159
1161
1163
1165
1167
1169
1171
1173
1175
1177
1179
1181
1183
1185
1187
1189
1191
1193
1195
1197
1199
1201
1203
1205
1207
1209
1211
1213
1215
1217
1219
1221
1223
1225
1227
1229
1231
1233
1235
1237
1239
1241
1243
1245
1247
1249
1251
1253
1255
1257
1259
1261
1263
1265
1267
1269
1271
1273
1275
1277
1279
1281
1283
1285
1287
1289
1291
1293
1295
1297
1299
1301
1303
1305
1307
1309
1311
1313
1315
1317
1319
1321
1323
1325
1327
1329
1331
1333
999999999
999999997
999999995
999999993
999999991
999999989
999999987
999999985
999999983
999999981
999999979
999999977
999999975
999999973
999999971
999999969
999999967
999999965
999999963
999999961
282981269
277034755
57237471
205083819
662050287
354872609
23589939
942753377
605324617
928375901
72326975
353134843
546679499
517906383
965420251
660503967
910637309
178921867
387028105
587324847
994764727
409836385
359028417
829296383
475081011
970738713
137976975
433267193
224480093
737644263
571770865
959594889
244372745
180005423
14405549
677247163
829375671
48368511
842255787
556103191
906898901
119395451
692401689
960753653
549809851
688551721
137182629
538612027
167868611
673462917
962863085
41220179
539997995
600500279
727558281
632961769
1320627
567142975
114404141
848690063
698992663
31856481
392378643
103016703
626443647
72372643
382422603
998974355
230140355
363817541
45839123
553126319
445355461
309098153
263873463
404940827
127048735
202600287
139023191
757782955
665246041
662709587
214894841
416922915
464503175
463817711
250326985
573722177
468676215
977107085
213869319
52391221
708639037
49329069
783862199
565946923
679798269
680655983
689262263
798016757
291812287
632023823
7606423
903149863
642691315
694988581
575970313
410403297
518134177
790542779
758069245
547781179
830740895
106001523
997323381
910863235
702969925
244871427
121648639
876169307
957225129
681649703
662727837
232224937
669482717
745129409
340129451
152636221
69141799
503904101
422498185
794175073
824105263
131439349
15702597
752171883
163267815
717775923
837821443
577538023
749878095
68574241
155065003
126831219
946325707
420864123
418627201
770873741
760771053
411827321
391948173
494761621
342668635
20293963
26359793
130287769
767722843
862829735
611540159
22659017
639945571
829937865
43158027
932900265
548753483
995711251
372369247
132127955
104063917
941564405
312278223
393793901
198970565
956049163
405004739
649356311
771744651
540060245
256963623
784803685
165006013
498661025
658120399
896406101
641465259
340949477
389253713
91406369
110829301
176225591
670288099
314124747
543529309
669486229
568955815
471058779
568072633
939778619
79127313
620844605
497191717
47874797
116934939
779825447
966644097
761738997
140923233
310983279
907149311
923066539
87617951
984745223
709435167
706055855
747932041
253141627
528037795
443887089
330486975
415416849
595977273
289134427
503842627
313416861
67248573
636034715
281460425
158555367
706038663
904221705
405768067
792378897
518576555
29280619
901692917
244777057
437844879
384025995
57944117
15780381
718987369
721379395
197311527
374118551
215422571
600254113
10778129
533879813
939851897
106353967
81415579
456232551
265285409
615432979
549179815
849003149
907871187
795934551
94250189
163105891
720811487
672092085
736122311
714949265
755171681
321169083
290465013
151498041
56406631
548141437
322245385
273159605
727849285
673022671
771964517
449651699
348342709
860341377
809506883
402581889
768870439
329627731
571046759
660477023
123251461
965173395
896364055
715501473
951771731
155131509
69216851
375259247
714785141
550122097
500231075
718906545
519023599
348185213
735185465
878906981
662860977
424115705
955524093
624165133
610994403
334781143
361608811
195293743
894292585
651223669
735950261
839653083
895907625
575969579
949969115
775612779
850980281
539425665
190749855
28462319
140989035
483827835
905900017
127338389
901606939
901774937
378539821
122196703
400127573
390282649
775057113
713694603
717910609
230036419
277694177
737243903
838624547
828665759
806583305
407521661
34559943
898804583
825389283
784268603
526440183
318476867
183022295
542813431
582185461
310893855
930930783
120282421
464605877
664372589
116474991
949803995
863682127
561503515
308823095
670829283
665979941
714522951
378177883
975439053
330483041
13302517
920569259
518324597
675168009
334632585
327856265
965794463
377747439
510458859
928109693
972030389
681367617
856629265
600570149
868100423
313062507
195784075
356974431
734390427
786278061
231450465
406904049
934896159
958441555
610538829
640454185
825233641
362310163
512755821
371303075
668195213
759593727
967919859
372613027
963874051
363648415
580702029
416179389
131606249
442331517
207049813
425678053
388391999
574654059
115731365
555500179
809933555
707691847
935793931
186880985
208179387
456502257
45787097
714832323
750174077
673285641
917328757
493809101
303969861
441522127
229829503
359422935
980615305
191510591
960170427
10843551
938736413
564143143
151541637
332025865
461763693
588225281
605088831
877099619
622227937
680086287
127344259
797399521
868361615
108137549
504539105
988531177
722024787
192434337
591999695
819811609
902592185
262915617
345428903
745743951
718579729
307703565
852948017
688573389
774362213
590185349
214573551
369195535
246183205
34887579
743672451
317344463
549706037
186547587
244992653
7159143
853689013
484553873
904237561
993555771
421327043
981410613
130612065
777952953
677612279
639392631
459448637
236168807
574962895
878376619
449551591
5632759
411978137
668428679
873496351
577878419
847431261
130038625
156285625
880603211
707837363
693028447
417916261
360476861
806692763
517394005
565251091
353000885
975798907
774546603
682455255
597723405
718321879
221132671
77662739
515345537
288844889
276352069
724077507
635857005
157223725
956154049
54852369
431557093
488310587
376516227
671303051
205228523
624427467
860932519
971873153
588642361
788594831
392441041
797633817
426044305
598793031
812729887
839545677
799046295
369981277
542195131
884905315
328711675
452020657
235089747
823193231
643190545
557937721
89575661
767346869
315793925
64095011
614324973
192723515
193030401
697061559
277344287
449218245
283297287
798645245
68327455
898986869
84709145
248299097
662426511
7201479
969197681
464971033
95431057
22346779
828629689
18782769
539724061
426069899
889806627
794729333
735561115
339756971
59349091
977694715
30053187
87199707
404751411
288674457
481759901
676689833
947434761
902920615
885118545
18774059
225276395
557967375
946726091
56381017
163813691
780095331
464718763
268114395
684257501
825172563
315285215
423562509
121704335
227300951
154378887
754725273
426940929
76847439
963248953
63822157
836765487
875352545
823662025
360606385
327915909
278502137
690309541
209077197
100663771
981516841
675201085
498911229
700201857
693516263
308031817
755766259
595016709
793645387
825393957
255792657
341639911
751217407
632058115
76318723
135759441
336847615
755683231
417760539
556966143
302742657
166350377
764932375
697034263
447582037
151560085
68784401
302619565
119847245
75996647
59931081
261108147
130525879
719881635
846287121
885852189
317364147
609070323
698612029
187135861
479393151
135024057
990507081
185222877
419259007
194746879
706319065
183461491
318229453
256451891
907568209
