1
2
3
4
5
6
7
8
9
10
11
12
13
14
15
16
17
18
19
20
21
22
23
24
25
26
27
28
29
30
31
32
33
34
35
36
37
38
39
40
41
42
43
44
45
46
47
48
49
50
51
52
53
54
55
56
57
58
59
60
61
62
63
64
65
66
67
68
69
70
71
72
73
74
75
76
77
78
79
80
81
82
83
84
85
86
87
88
89
90
91
92
93
94
95
96
97
98
99
100
101
102
103
104
105
106
107
108
109
110
111
112
113
114
115
116
117
118
119
120
121
122
123
124
125
126
127
128
129
130
131
132
133
134
135
136
137
138
139
140
141
142
143
144
145
146
147
148
149
150
151
152
153
154
155
156
157
158
159
160
161
162
163
164
165
166
167
168
169
170
171
172
173
174
175
176
177
178
179
180
181
182
183
184
185
186
187
188
189
190
191
192
193
194
195
196
197
198
199
200
201
202
203
204
205
206
207
208
209
210
211
212
213
214
215
216
217
218
219
220
221
222
223
224
225
226
227
228
229
230
231
232
233
234
235
236
237
238
239
240
241
242
243
244
245
246
247
248
249
250
251
252
253
254
255
256
257
258
259
260
261
262
263
264
265
266
267
268
269
270
271
272
273
274
275
276
277
278
279
280
281
282
283
284
285
286
287
288
289
290
291
292
293
294
295
296
297
298
299
300
301
302
303
304
305
306
307
308
309
310
311
312
313
314
315
316
317
318
319
320
321
322
323
324
325
326
327
328
329
330
331
332
333
334
335
336
337
338
339
340
341
342
343
344
345
346
347
348
349
350
351
352
353
354
355
356
357
358
359
360
361
362
363
364
365
366
367
368
369
370
371
372
373
374
375
376
377
378
379
380
381
382
383
384
385
386
387
388
389
390
391
392
393
394
395
396
397
398
399
400
401
402
403
404
405
406
407
408
409
410
411
412
413
414
415
416
417
418
419
420
421
422
423
424
425
426
427
428
429
430
431
432
433
434
435
436
437
438
439
440
441
442
443
444
445
446
447
448
449
450
451
452
453
454
455
456
457
458
459
460
461
462
463
464
465
466
467
468
469
470
471
472
473
474
475
476
477
478
479
480
481
482
483
484
485
486
487
488
489
490
491
492
493
494
495
496
497
498
499
500
501
502
503
504
505
506
507
508
509
510
511
512
513
514
515
516
517
518
519
520
521
522
523
524
525
526
527
528
529
530
531
532
533
534
535
536
537
538
539
540
541
542
543
544
545
546
547
548
549
550
551
552
553
554
555
556
557
558
559
560
561
562
563
564
565
566
567
568
569
570
571
572
573
574
575
576
577
578
579
580
581
582
583
584
585
586
587
588
589
590
591
592
593
594
595
596
597
598
599
600
601
602
603
604
605
606
607
608
609
610
611
612
613
614
615
616
617
618
619
620
621
622
623
624
625
626
627
628
629
630
631
632
633
634
635
636
637
638
639
640
641
642
643
644
645
646
647
648
649
650
651
652
653
654
655
656
657
658
659
660
661
662
663
664
665
666
667
668
669
670
671
672
673
674
675
676
677
678
679
680
681
682
683
684
685
686
687
688
689
690
691
692
693
694
695
696
697
698
699
700
701
702
703
704
705
706
707
708
709
710
711
712
713
714
715
716
717
718
719
720
721
722
723
724
725
726
727
728
729
730
731
732
733
734
735
736
737
738
739
740
741
742
743
744
745
746
747
748
749
750
751
752
753
754
755
756
757
758
759
760
761
762
763
764
765
766
767
768
769
770
771
772
773
774
775
776
777
778
779
780
781
782
783
784
785
786
787
788
789
790
791
792
793
794
795
796
797
798
799
800
801
802
803
804
805
806
807
808
809
810
811
812
813
814
815
816
817
818
819
820
821
822
823
824
825
826
827
828
829
830
831
832
833
834
835
836
837
838
839
840
841
842
843
844
845
846
847
848
849
850
851
852
853
854
855
856
857
858
859
860
861
862
863
864
865
866
867
868
869
870
871
872
873
874
875
876
877
878
879
880
881
882
883
884
885
886
887
888
889
890
891
892
893
894
895
896
897
898
899
900
901
902
903
904
905
906
907
908
909
910
911
912
913
914
915
916
917
918
919
920
921
922
923
924
925
926
927
928
929
930
931
932
933
934
935
936
937
938
939
940
941
942
943
944
945
946
947
948
949
950
951
952
953
954
955
956
957
958
959
960
961
962
963
964
965
966
967
968
969
970
971
972
973
974
975
976
977
978
979
980
981
982
983
984
985
986
987
988
989
990
991
992
993
994
995
996
997
998
999
1000
2147483647
2147483646
2147483645
2147483644
2147483643
2147483642
2147483641
2147483640
2147483639
2147483638
2147483637
2147483636
2147483635
2147483634
2147483633
2147483632
2147483631
2147483630
2147483629
2147483628
2147483627
2147483626
2147483625
2147483624
2147483623
2147483622
2147483621
2147483620
2147483619
2147483618
776328858
783348938
801095045
833246209
1053806611
156118376
375950612
408882488
845415999
19916601
607364677
283494985
746446341
935497583
418147274
70417477
1715197
914974834
367801175
196099665
561127237
874158810
1025605305
948000170
19125162
450542242
664687128
418486170
619134452
1021553092
616685750
351699765
786713662
960657836
762102991
130987670
33036357
153001571
67840578
135981276
1071089421
486074220
531174370
236924554
588211124
200404541
32314673
372262190
901145221
520831344
249288987
829663494
549663591
26460342
312412073
741057413
601994168
176331398
211015015
270467237
742850647
553688061
873315093
811353370
18733894
795172458
835660375
759425170
337288969
776291914
248213441
654055187
653263273
514399214
952759198
812171121
465705355
530240187
418922694
864880095
235180239
825095647
586198834
750876791
105426884
927543681
451520641
17040893
628076720
607671076
34350025
5084081
764845585
814397685
1050022449
407294601
518654772
56546622
145829141
393587559
734653181
610899911
270801973
200183794
236248074
670479582
1010609891
575764756
632098964
48833603
305767814
633624068
140919618
653157815
409623015
231514094
731123488
244468473
826815264
563513543
388067947
184509692
443637186
544687635
152832760
489730848
280997238
11156437
233497008
488754271
336943364
278159508
619694167
344397483
402824344
402107035
1008449432
101246617
604270920
153459567
431831786
548120661
396491710
896976816
101386461
129434865
173015692
958025366
468858348
566747871
45932815
327469264
886692387
722176024
979895436
555558399
32513810
74528941
63795408
838378749
7550166
190037180
989295757
439323166
511422990
595118677
933831029
926309950
1019362723
543781065
769553873
356877861
434051128
854934660
626870860
750283608
427655670
398890777
687811519
545005067
162221730
702656529
847890789
1042338860
406209130
551971863
193457106
866530663
762843261
874466129
347302062
58032208
329089018
42919290
560892704
1064891383
182655506
514610906
559345772
191806301
144925072
214387128
426645188
78041655
907087048
748328268
724434217
745187616
950083628
646204806
53781292
743475067
356722525
183989683
326399469
749368839
829206020
84953983
107301064
413914664
969693223
731202613
930189943
597625000
464181615
451476358
753613758
473249566
230265246
703999273
906682961
416953646
722269324
555832244
467936176
389335236
893186260
790423050
959138524
583954313
861690903
686227432
849768760
663757956
172289921
587059196
22884596
1042946936
829275018
908475036
666188375
35381533
937338482
901345566
299998160
907658674
939085339
777258912
802798602
966546506
972003963
220446438
705935596
670513504
1013399385
969445801
447299493
691182672
609277913
658639493
333224046
682333863
396561213
413662806
102523717
173376794
671728227
539099455
13154283
424352436
701237184
218239375
263620899
598810645
923308670
901159879
433182045
1046658888
362419615
428659179
992156667
239879455
947454541
346629966
186911475
394059403
412002893
225365184
872816719
798195636
-666
