9674.3
1971.3
7768.1
4565.2
105.0
528.6
570.5
3267.8
3279.2
3125.0
5706.9
2635.3
3525.3
3286.6
9565.2
1174.2
5181.3
4229.1
8079.6
59.4
841.6
4465.3
5154.4
2200.5
5641.3
1645.1
3195.9
569.5
3725.3
7326.2
70.6
1322.1
6275.5
4980.1
1676.5
6297.2
7315.1
3373.5
1966.3
4045.2
1932.3
5345.2
8709.3
7532.4
4351.6
9130.8
9934.5
5619.1
4043.1
3526.5
8794.8
796.4
8370.4
7284.7
5848.2
397.5
4677.9
5360.1
3093.6
6772.7
9600.7
3669.7
2001.6
2918.1
2485.9
7770.6
2438.2
7850.2
5778.4
3135.1
1417.1
7618.1
8451.9
7312.8
7119.1
4671.9
6011.7
8359.3
2963.4
4503.6
4559.8
7080.6
6945.6
1900.5
2895.6
6870.8
2875.0
8613.8
4312.5
9830.3
2723.9
2654.6
4933.1
7141.3
5171.9
3178.1
9746.0
9227.5
9951.2
5768.2
8155.1
3411.6
2968.5
6657.4
7196.2
4842.9
8844.5
5353.2
487.0
4635.2
3586.6
9979.9
6034.2
9307.8
1150.0
1862.1
6912.0
3581.8
5198.7
8786.6
904.1
2521.8
8894.1
7544.2
4038.3
1539.9
4130.8
7444.0
1987.8
4708.5
9355.0
8852.7
3495.3
3279.5
2537.0
9845.4
2217.5
5144.7
6869.6
9117.7
579.1
2516.7
6544.1
3809.5
2080.2
2752.7
936.0
9379.9
7590.6
7868.6
9577.3
7934.5
5056.3
6870.1
5610.7
3543.8
6333.3
3072.9
105.8
3924.1
4627.4
6169.4
8874.3
4754.3
59.5
3667.4
5399.3
1051.8
9291.2
2464.3
8180.6
1186.7
4460.4
828.1
1869.2
8640.9
6745.5
452.3
707.0
258.1
4404.3
927.7
2197.0
6689.7
7887.2
6732.1
9537.0
1179.4
8332.3
2223.1
4753.4
230.5
1244.4
2112.9
8549.9
8474.8
4361.6
6589.6
5826.3
3915.4
4566.1
8531.1
7880.1
3565.7
7406.7
4052.7
5602.0
5166.1
8428.4
7909.7
5178.0
7977.6
5661.3
7252.0
6459.3
4791.7
3583.5
43.6
670.1
7893.0
8120.8
670.7
7595.5
477.7
9383.4
4630.6
9032.7
1513.4
9638.4
285.6
4730.3
1321.7
1475.3
8440.5
5736.0
5908.9
3718.2
4665.3
5096.1
6701.0
368.4
3964.1
444.6
7322.3
8.4
4520.3
3355.2
5356.6
6233.1
3367.3
8454.7
3567.1
244.0
8426.5
262.4
4042.9
2436.8
4423.5
6612.3
5717.3
7706.4
391.2
6783.1
753.9
8897.7
2814.5
937.3
5090.8
1455.4
6299.7
4327.6
2419.2
5041.5
463.9
6108.7
8596.9
3373.0
1697.9
4236.9
8988.2
3182.5
3716.1
1756.4
4481.8
2418.1
3323.9
9409.6
7473.2
5921.8
2260.2
3546.4
905.3
9668.5
839.4
2123.0
9136.7
4687.7
2762.1
4931.2
4496.0
3284.6
2457.9
7327.9
3159.5
9064.7
834.1
8744.9
1050.5
1350.1
9778.7
6980.5
9630.3
8857.2
3805.2
8631.7
3675.7
8372.1
9467.5
8009.2
3949.6
1966.3
440.3
5160.7
5909.5
4718.6
6426.5
1790.1
43.1
5993.5
6516.3
6597.7
9349.2
1202.3
2034.6
4015.6
6599.1
9032.0
6903.5
9753.6
9295.3
6577.3
1854.2
4836.3
599.5
4678.9
1862.0
2410.7
446.8
3063.3
7684.3
2686.8
9971.1
15.1
7646.7
414.4
6648.1
7248.9
6802.9
5268.4
9699.8
4800.6
3122.4
3315.3
7280.9
5847.3
3023.1
9010.7
5929.1
2566.4
1514.6
4538.0
6402.1
8414.1
5575.8
9128.6
9419.3
3066.2
8717.3
2817.7
555.1
3041.9
3615.2
256.3
4405.7
7779.2
5522.7
7938.7
7639.5
8277.1
9696.3
4092.0
1919.0
3599.8
6945.1
4197.2
6463.6
9424.1
5170.0
2315.3
6500.9
6265.3
5631.4
5737.4
1477.3
4182.3
9106.8
6590.8
193.1
9532.3
5873.0
1687.8
7887.2
645.4
1055.6
7700.8
7572.3
680.2
5181.4
1608.8
8937.4
520.8
3598.8
5042.7
7384.7
9492.7
1653.1
4341.8
1161.2
9082.1
2099.7
5834.5
8093.4
7805.6
5026.9
5883.9
4898.0
123.9
7790.3
9157.3
547.0
3766.2
2130.3
5745.5
6294.6
6914.6
9353.0
7835.1
4616.8
7329.9
4043.9
825.6
9683.8
9779.0
7146.4
7915.4
7335.6
5259.6
6604.7
1643.4
9182.5
1455.0
3423.2
5306.8
1952.6
7953.5
6358.3
5298.7
2035.0
7110.9
9840.0
1123.0
8406.7
3351.4
4059.5
2040.6
3626.0
1884.3
5637.5
9014.7
5946.7
4983.1
4576.3
7329.3
2131.7
2213.0
2278.4
4049.1
1600.1
8698.2
4110.5
7826.0
5536.0
963.2
9429.1
4920.4
7975.7
1217.7
3475.3
2092.2
4188.6
4384.4
653.5
4044.3
4657.5
9313.7
5364.3
3114.9
4157.0
8891.4
548.4
8761.8
4245.7
1583.4
613.7
6765.3
610.6
9031.3
4178.8
3173.4
1733.4
1269.2
731.6
12.9
541.9
3321.2
8356.8
7221.7
4533.1
1986.9
6416.8
8669.9
4023.7
4814.5
8710.9
1350.8
8536.0
4498.1
4179.6
2636.8
848.7
8750.1
2204.2
2632.7
693.9
4814.9
1773.6
1568.3
1154.2
4472.3
9654.7
1014.6
1577.3
7621.1
25.4
9384.0
692.9
3861.1
6618.6
437.2
8892.6
987.2
1941.5
568.5
1314.5
8151.3
8812.8
2929.7
586.5
3093.4
558.0
6529.6
2876.7
1082.0
1146.1
8351.0
172.2
4173.5
9098.4
9342.3
8516.6
6853.7
2801.7
6988.4
8875.9
4180.5
4910.3
8786.6
9516.1
8320.1
945.3
3530.8
6895.9
9076.3
4444.0
741.3
9463.1
5458.5
678.3
5346.4
8923.8
9221.2
281.5
7506.2
4011.6
1395.3
3095.6
9137.6
8308.2
6309.5
522.0
1517.6
7266.2
4922.3
4836.1
2050.6
9959.9
7667.6
2009.8
9075.8
7724.4
7902.8
1230.5
4729.5
2730.2
7694.9
0.3
9477.7
6404.1
4112.8
1733.1
4451.5
6147.0
3826.7
2804.2
1822.4
933.5
404.6
3639.3
7910.9
750.5
2641.5
3647.9
6720.9
2276.8
3954.8
6576.4
6390.5
8389.7
1294.6
805.4
9552.9
908.9
5024.8
9084.5
133.3
4425.2
834.2
6624.6
4218.2
2204.6
2075.7
8397.6
9196.1
8902.2
1416.2
9675.1
