7
1
1 2
1 3
1 4
1 5
2 5
2 6
2 7
3 4
3 6
3 7
4 5
4 6
5 6
0 0
7
1
1 2
1 3
1 4
1 7
2 4
2 6
2 7
3 4
3 5
3 6
4 5
4 6
4 7
5 7
6 7
0 0
17
1
1 2
1 3
1 5
1 6
1 7
1 8
1 11
1 12
1 13
1 15
2 3
2 4
2 8
2 9
2 10
2 14
2 15
2 16
3 5
3 6
3 7
3 14
3 15
3 17
4 6
4 8
4 9
4 11
4 13
4 16
4 17
5 6
5 11
5 12
5 14
5 15
5 17
6 7
6 9
6 10
6 11
6 13
6 17
7 9
7 10
7 11
7 15
7 16
8 9
8 10
8 12
8 16
8 17
9 11
9 12
9 13
9 16
9 17
10 12
10 13
10 14
10 15
10 17
11 14
11 16
12 14
13 15
14 17
15 16
15 17
16 17
0 0
5
1
1 2
1 4
1 5
2 3
2 5
3 5
4 5
0 0
11
1
1 2
1 4
1 9
1 11
2 3
2 5
2 6
2 8
2 10
2 11
3 8
3 10
4 5
4 9
4 11
5 6
5 7
5 8
6 7
6 8
6 10
7 10
8 9
8 10
9 10
9 11
10 11
0 0
5
1
1 2
1 4
2 3
2 4
2 5
4 5
0 0
9
1
1 2
1 3
1 4
1 6
1 9
2 3
2 9
3 4
3 5
3 6
4 7
4 9
5 8
6 8
6 9
7 8
7 9
8 9
0 0
6
1
1 2
1 3
1 4
1 6
2 3
2 5
2 6
3 4
3 5
3 6
4 5
4 6
5 6
0 0
20
1
1 2
1 3
1 5
1 6
1 8
1 9
1 11
1 15
1 16
1 17
1 20
2 3
2 7
2 8
2 10
2 11
2 12
2 14
2 15
2 17
2 19
2 20
3 4
3 6
3 9
3 12
3 13
3 15
3 16
3 18
3 19
4 5
4 9
4 13
4 16
4 18
4 19
5 6
5 7
5 8
5 11
5 12
5 13
5 14
5 15
5 17
5 19
6 7
6 10
6 11
6 15
6 18
6 20
7 9
7 11
7 13
7 14
7 15
7 17
7 19
7 20
8 11
8 13
8 14
8 16
8 18
8 19
9 11
9 13
9 16
9 17
9 19
9 20
10 11
10 15
10 17
10 18
10 20
11 14
11 15
11 16
11 18
11 20
12 20
13 14
13 15
13 19
14 17
14 19
14 20
15 16
15 17
16 17
16 20
17 18
17 20
19 20
0 0
15
1
1 2
1 3
1 6
1 10
1 11
1 12
1 14
2 3
2 6
2 7
2 10
2 12
2 13
2 15
3 4
3 5
3 7
3 9
3 10
3 12
3 15
4 5
4 6
4 8
4 10
4 12
4 13
5 6
5 8
5 13
5 14
5 15
6 7
6 8
6 9
6 10
6 12
7 8
7 9
7 10
7 14
7 15
8 9
8 11
8 12
8 13
8 14
9 10
9 11
9 12
10 11
10 13
10 14
10 15
11 14
0 0
16
1
1 2
1 3
1 4
1 5
1 8
1 12
1 13
2 5
2 6
2 7
2 8
2 9
2 16
3 8
3 11
3 12
3 14
3 15
4 5
4 8
4 12
4 13
4 16
5 8
5 14
5 16
6 7
6 8
6 11
6 13
6 14
6 15
6 16
7 8
7 10
7 11
7 16
8 9
8 11
8 12
8 15
8 16
9 12
9 14
10 11
10 14
10 15
10 16
11 13
11 14
12 15
13 14
13 16
14 15
14 16
15 16
0 0
7
1
1 2
1 4
1 5
1 7
2 3
3 5
4 6
4 7
5 7
6 7
0 0
5
1
1 2
1 3
1 4
2 3
2 4
3 4
4 5
0 0
5
1
1 2
1 5
2 3
2 4
3 4
3 5
4 5
0 0
3
1
1 2
1 3
2 3
0 0
16
1
1 2
1 6
1 7
1 10
1 14
2 3
2 4
2 8
2 9
2 10
2 14
2 15
2 16
3 5
3 6
3 8
3 9
3 10
3 13
4 9
4 10
4 12
4 13
4 14
5 7
5 9
5 13
5 14
6 9
6 11
6 12
6 13
6 14
6 15
6 16
7 8
8 11
8 12
8 13
8 15
8 16
9 10
9 16
10 11
10 12
10 15
10 16
11 12
11 14
11 15
11 16
12 14
12 15
13 15
14 15
15 16
0 0
17
1
1 2
1 3
1 4
1 5
1 6
1 7
1 9
1 11
1 14
1 15
1 16
2 4
2 5
2 6
2 7
2 8
2 10
2 11
2 12
2 13
3 4
3 5
3 6
3 7
3 10
3 11
3 16
3 17
4 5
4 6
4 7
4 11
4 12
4 17
5 6
5 9
5 10
5 11
5 16
5 17
6 8
6 9
6 12
6 13
6 14
7 8
7 9
7 10
7 11
7 14
7 15
7 16
7 17
8 9
8 11
8 12
8 14
8 15
8 17
9 15
9 16
9 17
10 12
10 13
10 16
11 13
11 15
11 17
12 13
12 15
12 17
13 14
13 15
13 17
14 17
15 16
16 17
0 0
4
1
1 2
2 3
3 4
0 0
11
1
1 2
1 3
1 4
1 6
1 7
2 3
2 5
2 7
2 8
2 9
3 5
3 7
3 8
3 10
3 11
4 5
4 6
4 10
5 8
5 9
5 11
6 7
6 8
6 9
6 10
6 11
8 11
9 10
9 11
0 0
2
1
1 2
0 0
16
1
1 2
1 3
1 4
1 6
1 13
2 4
2 8
2 11
2 13
2 14
2 15
2 16
3 4
3 5
3 11
3 14
3 15
4 6
5 6
5 7
5 8
5 12
5 15
6 7
6 8
6 9
6 10
6 11
6 12
6 15
8 10
8 11
8 12
8 13
8 15
9 14
9 15
10 12
10 13
10 14
10 15
11 12
11 13
11 15
12 13
12 14
12 16
13 14
13 15
13 16
14 15
0 0
5
1
1 2
1 3
1 4
1 5
2 4
3 4
3 5
4 5
0 0
9
1
1 2
1 3
1 6
2 3
2 5
2 7
2 8
3 4
3 5
3 7
3 9
4 6
4 7
4 8
5 7
5 8
5 9
6 8
6 9
7 8
7 9
0 0
6
1
1 2
1 4
2 3
2 5
2 6
3 4
0 0
2
1
1 2
0 0
6
1
1 2
1 3
1 4
1 5
1 6
2 3
2 5
3 5
4 5
4 6
5 6
0 0
4
1
1 2
2 3
3 4
0 0
10
1
1 2
1 3
1 5
1 7
1 8
1 9
2 3
2 7
2 8
2 9
2 10
3 4
3 6
3 9
3 10
4 6
4 9
5 6
5 7
5 8
5 9
6 7
6 8
7 8
7 9
7 10
8 9
8 10
0 0
11
1
1 2
1 3
1 4
1 6
1 7
1 8
1 10
2 6
2 7
3 4
3 5
3 8
3 10
3 11
4 6
4 8
4 10
4 11
5 7
5 9
5 10
5 11
6 7
6 8
6 9
6 10
6 11
7 9
7 10
7 11
10 11
0 0
6
1
1 2
1 3
1 4
1 5
1 6
2 4
2 6
3 5
3 6
4 5
4 6
5 6
0 0
17
1
1 2
1 3
1 4
1 5
1 6
1 9
1 12
1 15
2 7
2 8
2 11
2 13
3 4
3 8
3 12
3 13
3 14
3 15
3 16
4 5
4 6
4 8
4 9
4 10
4 13
4 16
5 7
5 13
5 14
5 15
5 16
5 17
6 9
6 10
6 11
6 12
6 13
6 17
7 8
7 9
7 12
7 14
7 15
8 13
8 14
8 17
9 10
9 12
9 14
9 15
10 11
10 13
10 14
10 15
10 17
11 12
11 13
11 14
11 16
11 17
12 14
12 15
12 17
13 16
14 15
14 16
15 17
0 0
3
1
1 2
2 3
0 0
5
1
1 2
1 5
2 3
2 4
2 5
3 5
0 0
0
