100
1 19 
9 20 18 17 17 17 16 15 13 11 
5 20 20 17 17 17 
7 18 17 16 16 14 11 11 
9 18 18 18 17 16 16 16 14 11 
9 11 14 14 15 17 19 19 20 20 
9 20 17 17 16 13 12 12 12 12 
5 15 12 12 11 11 
1 12 
1 13 
7 18 16 14 13 13 12 11 
9 11 15 15 16 18 18 19 20 20 
5 20 18 16 15 13 
7 19 18 15 12 12 11 11 
9 18 16 16 16 15 14 13 12 11 
5 19 18 16 12 12 
7 20 19 16 16 15 11 11 
9 13 14 15 18 18 19 20 20 20 
7 12 13 16 19 19 20 20 
3 18 18 18 
5 20 19 19 18 14 
1 15 
1 13 
3 17 19 19 
3 18 15 12 
7 11 13 14 14 18 19 20 
5 20 16 16 13 13 
9 11 12 12 13 13 14 15 18 20 
7 19 17 17 16 15 14 14 
5 12 12 14 17 18 
1 14 
5 20 17 17 16 14 
5 11 13 14 18 20 
7 11 11 12 13 13 15 19 
3 11 15 18 
1 18 
7 11 15 15 15 16 16 17 
7 11 11 12 15 16 18 19 
9 11 11 13 15 16 16 17 20 20 
7 20 19 17 17 16 13 11 
1 18 
5 11 14 14 19 20 
1 13 
5 19 17 15 15 12 
5 14 13 13 11 11 
7 11 14 14 16 16 17 19 
9 11 12 12 15 16 17 18 19 19 
1 18 
3 19 18 17 
3 13 12 11 
1 12 
1 12 
1 20 
1 14 
5 18 16 16 13 11 
3 13 15 18 
7 13 15 17 18 18 18 19 
7 19 16 16 15 14 11 11 
7 11 12 14 14 16 18 19 
1 13 
3 19 17 12 
5 12 12 13 19 20 
5 12 14 16 18 20 
5 19 17 17 15 11 
7 12 12 14 15 16 20 20 
3 20 14 12 
1 16 
7 19 17 16 15 14 13 13 
3 19 15 11 
7 13 14 15 16 17 18 19 
5 15 14 14 13 11 
9 19 19 16 16 16 15 14 11 11 
3 19 17 14 
3 20 13 12 
3 20 17 15 
3 20 17 11 
1 15 
1 12 
5 11 13 14 15 19 
5 13 17 17 17 18 
3 17 18 20 
9 11 11 12 13 14 17 18 19 19 
1 12 
3 18 17 12 
5 12 13 15 16 16 
7 11 11 12 12 14 15 16 
3 15 16 19 
3 20 19 13 
1 13 
7 11 14 16 16 17 19 20 
5 20 16 14 13 11 
3 15 16 20 
9 11 12 15 18 18 19 20 20 20 
5 20 19 17 14 14 
5 13 14 16 19 20 
1 13 
3 14 16 17 
3 11 12 18 
7 20 20 19 18 14 12 12 
3 11 12 18 
