23
3 28
17 32
28 68
80 28
58 2
76 95
2 5
6 22
4 17
11 87
73 58
63 64
13 38
57 46
54 27
7 95
26 8
75 75
3 5
6 55
49 12
16 33
6 2
25
62 19
29 59
32 19
33 44
56 21
77 78
84 35
41 23
48 91
18 67
21 4
61 72
72 33
48 93
51 74
92 73
83 12
82 72
15 66
87 15
44 23
57 15
38 79
22 49
15 37
27
36 41
1 62
33 20
19 46
96 58
1 91
74 7
40 24
39 39
77 54
50 13
21 92
29 80
1 69
35 17
57 39
100 22
41 10
55 85
94 60
2 50
8 95
18 75
66 47
53 8
20 42
33 54
4
13 33
34 12
47 30
38 72
4
47 24
60 13
72 1
2 53
9
61 47
17 100
17 60
12 24
96 58
43 17
49 39
51 7
36 82
1
74 6
4
72 81
40 80
3 25
26 92
28
39 91
7 79
47 98
61 82
29 4
98 77
25 68
18 5
92 59
16 18
85 17
89 96
87 17
71 13
90 30
72 50
80 28
77 30
12 26
82 89
17 92
11 79
35 42
52 80
97 27
43 19
66 82
50 83
8
72 95
85 33
5 22
53 64
93 34
97 79
12 81
98 89
30
91 51
31 77
55 94
12 27
8 49
32 77
80 9
81 26
62 64
68 54
6 78
70 54
50 36
47 2
51 90
41 89
65 93
38 71
97 71
19 1
29 57
17 50
76 8
72 97
50 89
66 91
44 56
43 87
89 94
35 90
3
75 78
94 84
73 97
32
74 46
54 34
84 2
62 70
67 11
51 33
75 68
75 17
3 19
64 18
7 43
34 98
25 36
81 69
41 73
70 96
81 14
16 23
93 64
26 77
61 11
78 77
45 35
5 53
70 47
42 68
18 28
15 75
43 94
18 95
42 83
49 88
14
64 10
54 38
15 92
52 64
42 43
87 38
43 46
67 86
27 62
31 46
60 53
95 76
94 6
47 29
1
20 29
2
57 44
35 96
16
38 59
52 66
5 76
70 97
15 90
68 83
14 60
19 20
66 41
34 24
22 94
75 66
60 42
50 18
53 7
65 25
26
69 91
95 17
38 17
32 84
3 21
86 91
10 22
87 26
12 85
59 32
6 29
88 52
1 24
28 94
11 26
68 69
86 31
47 62
97 23
95 78
69 99
72 80
6 30
66 58
89 17
45 24
11
85 75
28 22
49 30
92 53
72 17
54 22
69 33
81 29
23 46
66 31
2 55
23
59 60
28 13
36 99
97 24
60 11
38 18
18 90
81 42
13 35
40 3
23 97
29 20
95 68
86 59
12 49
8 80
92 22
20 87
62 80
90 69
86 22
11 79
72 4
19
36 90
81 45
19 32
12 1
95 87
72 70
33 95
54 3
47 54
25 40
1 26
67 93
79 22
84 97
68 34
75 27
23 3
86 55
55 42
13
1 80
51 18
50 95
48 5
3 3
79 39
40 28
46 72
2 13
97 42
9 87
61 75
97 63
31
90 48
44 22
74 69
71 61
62 21
68 28
30 16
95 59
98 58
55 18
19 62
10 97
57 57
17 84
33 20
67 83
4 22
43 63
23 30
50 13
40 37
52 69
27 70
79 46
63 76
38 33
81 33
89 47
83 38
9 57
40 15
15
95 88
30 89
12 24
73 95
34 48
51 94
20 55
85 97
11 96
85 70
50 96
84 83
65 39
47 93
32 31
6
78 19
48 62
25 2
26 94
80 24
75 19
6
23 91
38 71
40 33
80 22
56 41
32 64
25
30 8
39 3
21 3
17 16
69 21
66 93
69 47
65 45
31 43
17 7
44 1
92 1
81 17
73 32
15 96
3 45
47 45
99 93
8 20
92 67
60 29
75 57
2 28
22 91
98 32
10
93 84
75 38
70 10
82 58
73 65
67 78
24 69
67 59
19 95
38 34
19
47 45
72 73
15 100
83 45
82 64
57 66
92 71
41 66
99 1
73 57
24 76
51 93
60 34
52 98
35 45
89 2
74 33
32 12
56 41
30
89 4
60 31
22 11
3 77
75 23
47 60
35 50
53 92
3 68
72 50
84 47
87 73
99 69
100 50
57 91
94 66
96 45
7 6
34 70
44 10
69 9
10 42
33 55
22 14
63 35
33 45
70 99
67 19
68 20
10 18
8
3 83
31 20
27 60
94 100
95 88
56 54
15 36
21 62
13
55 83
80 91
89 88
58 49
68 7
25 78
53 77
31 7
37 73
51 43
36 88
34 38
45 41
26
6 55
83 90
96 40
19 26
14 83
93 19
38 73
97 70
22 14
97 55
44 46
96 39
26 31
17 33
77 66
20 86
27 82
22 55
80 22
57 92
11 45
17 1
70 48
14 65
20 91
37 62
19
84 100
77 45
61 17
45 42
13 98
76 79
52 67
98 98
6 43
5 43
11 6
27 53
18 76
47 69
57 79
30 9
5 41
9 6
99 18
21
63 67
43 31
82 82
79 92
97 77
81 73
84 54
80 85
2 11
57 48
5 80
9 17
73 97
5 66
64 90
57 57
40 27
8 51
42 73
49 38
11 38
22
46 43
22 66
68 56
64 21
77 47
8 32
4 73
77 73
37 46
54 34
25 15
22 4
45 97
98 11
21 34
76 79
44 66
73 49
21 11
10 88
19 98
70 17
27
47 89
25 20
25 32
8 91
64 80
24 4
1 75
95 9
84 31
75 13
37 84
4 85
94 25
95 1
23 62
51 69
40 69
52 27
18 64
43 59
14 81
55 18
26 67
97 2
66 61
44 71
8 2
28
53 78
73 48
70 15
17 41
81 90
93 43
12 96
91 3
69 93
99 8
34 35
31 52
17 46
90 54
61 19
48 37
36 65
79 20
61 58
99 95
90 93
88 44
98 1
45 78
86 66
100 44
95 71
68 83
12
57 36
48 34
81 45
33 12
43 1
61 42
92 89
30 5
92 35
33 31
75 70
7 50
2
29 50
32 17
12
19 80
13 5
49 66
29 93
45 33
74 23
12 57
61 66
52 41
23 53
74 36
86 98
28
87 19
35 12
7 70
88 14
78 63
12 5
85 71
67 96
70 8
71 24
84 87
90 63
86 88
13 26
63 35
5 44
55 49
18 40
53 14
76 57
61 31
53 39
87 97
4 19
94 56
94 26
89 30
17 83
22
82 60
22 12
16 25
32 70
39 55
60 97
24 95
7 42
46 63
49 4
59 16
10 56
1 85
25 91
59 35
47 2
13 40
17 68
90 80
87 48
96 28
75 98
23
81 39
36 33
33 36
47 51
12 40
40 31
7 2
61 27
73 8
72 52
68 92
81 3
89 15
62 61
87 38
28 81
13 19
55 63
66 46
85 53
35 29
31 77
55 41
23
27 100
23 94
14 18
51 25
66 80
42 63
49 3
31 22
34 19
25 45
10 31
68 77
11 39
21 96
50 51
2 15
60 28
45 76
53 73
53 47
61 18
72 94
67 9
14
52 80
4 51
60 83
2 81
91 50
22 97
98 94
47 88
48 25
21 23
75 72
76 68
80 44
67 69
21
73 87
39 20
23 23
34 73
74 3
46 84
57 22
71 39
37 45
44 95
67 59
85 67
43 86
66 28
47 63
50 6
25 19
41 88
12 47
2 74
9 37
7
18 58
80 37
73 62
57 74
92 32
68 23
17 78
28
80 43
48 94
12 81
20 24
70 4
77 31
67 71
17 38
55 76
55 5
78 68
24 80
71 61
28 98
67 48
42 75
68 46
78 41
64 31
34 97
27 86
56 63
52 45
20 25
29 6
73 74
53 58
18 48
3
46 97
63 23
16 72
12
57 92
22 37
33 72
57 8
22 11
55 13
89 73
30 74
99 69
27 54
53 3
78 44
13
52 41
13 64
75 67
75 4
77 12
96 47
3 36
57 59
13 67
55 81
10 39
89 24
50 63
20
45 67
16 69
20 86
98 31
5 38
13 53
29 68
16 59
61 17
25 26
90 80
34 6
67 28
17 9
10 82
48 8
28 55
40 15
45 47
36 89
2
48 93
73 21
22
89 88
13 71
50 14
71 3
30 83
92 37
18 98
57 53
7 18
32 84
82 98
38 77
30 18
17 30
3 50
90 75
45 43
56 2
4 94
28 26
15 86
35 71
8
92 24
82 1
33 27
61 80
17 61
90 78
94 99
53 91
12
95 80
34 64
9 51
28 37
74 37
7 42
26 9
100 82
64 26
58 78
38 43
11 18
7
61 59
2 13
32 13
8 33
66 96
4 10
37 55
12
31 28
36 51
32 56
33 87
17 95
89 91
60 54
21 52
64 71
24 33
16 77
36 56
31
45 74
28 67
58 33
63 55
43 8
92 70
3 81
97 86
27 45
56 51
23 30
93 78
1 7
22 69
56 57
30 85
3 52
85 9
15 12
20 99
21 57
38 63
48 75
19 86
36 26
55 26
4 10
68 48
68 4
12 42
26 24
5
80 75
11 1
16 91
62 62
82 24
12
56 13
99 24
49 26
51 86
48 56
3 54
58 15
56 70
45 21
14 33
12 72
82 14
27
43 81
57 64
40 24
31 21
71 63
11 56
7 57
56 66
20 60
69 70
78 42
86 90
55 62
74 57
91 20
53 28
43 33
9 9
81 82
44 39
95 52
60 7
24 1
12 15
36 44
85 33
74 65
26
28 27
52 31
21 47
99 79
73 53
61 59
40 55
50 52
46 91
50 56
80 98
9 16
51 75
11 41
14 68
94 84
14 93
40 45
75 34
87 90
1 47
53 99
50 40
82 3
10 47
44 83
1
53 50
7
45 100
19 77
61 11
3 12
8 74
8 94
36 34
26
36 81
33 96
98 27
60 87
97 44
88 42
91 37
52 92
36 42
61 80
40 46
1 24
32 66
73 46
81 17
97 70
17 68
94 82
68 14
10 53
46 16
53 49
40 36
30 56
35 27
25 42
23
25 65
48 92
16 70
3 65
13 85
53 70
64 46
66 19
28 68
14 81
85 76
67 1
82 40
27 93
17 23
40 5
96 93
63 39
55 11
47 17
86 68
65 99
69 1
26
96 69
34 63
47 23
89 34
16 39
17 82
98 90
29 21
16 91
5 20
74 78
24 21
58 93
58 74
95 59
27 39
1 90
65 60
45 100
90 53
86 12
2 6
26 36
78 82
1 93
70 34
11
45 6
63 19
28 70
64 21
99 19
71 6
70 10
7 70
59 74
60 18
19 64
3
53 41
33 24
57 5
18
62 31
2 50
20 76
97 29
47 35
40 47
9 18
39 61
35 15
32 98
13 46
92 3
55 6
90 67
23 11
42 44
93 36
11 43
32
59 23
22 99
90 58
66 39
29 51
37 32
63 78
91 34
25 17
23 48
37 43
17 34
27 80
25 52
14 69
91 88
38 25
82 12
2 28
78 99
30 83
60 66
99 44
61 2
49 75
17 35
20 86
17 33
36 46
66 41
81 49
73 57
26
6 20
74 97
26 4
33 56
15 91
89 77
89 69
17 63
31 75
95 54
71 15
50 92
58 63
95 51
23 66
85 65
61 81
84 10
65 87
29 69
45 32
52 18
32 85
11 68
74 15
29 57
8
79 49
6 58
5 29
3 71
7 69
29 83
19 17
33 67
3
16 96
65 83
19 67
24
29 87
60 62
91 86
34 3
12 21
49 39
61 16
84 3
38 67
35 65
83 56
94 68
83 78
94 76
94 2
88 42
3 22
59 47
1 45
65 92
82 64
80 65
20 94
61 15
17
47 31
14 16
9 14
49 43
89 84
29 50
89 30
84 2
61 35
87 81
45 4
38 50
29 62
33 31
43 96
26 41
56 90
11
64 55
3 86
74 99
79 4
44 55
90 80
92 78
64 70
67 48
85 66
94 80
23
41 12
52 10
99 67
9 7
22 53
8 46
19 20
50 63
59 25
15 81
73 88
52 36
2 72
56 69
62 81
92 22
31 3
21 95
53 81
86 81
27 74
45 93
7 97
26
65 74
88 75
99 53
56 23
77 70
77 24
37 57
1 98
81 91
63 47
100 61
46 44
22 73
18 90
49 18
91 63
37 13
17 30
5 87
56 24
99 81
89 84
82 36
26 41
88 14
74 41
15
72 84
5 11
28 13
61 74
17 91
79 26
42 98
2 18
25 66
64 34
75 9
42 51
29 67
54 55
80 69
20
51 4
60 3
82 64
76 33
1 72
3 1
43 99
52 20
96 60
75 38
12 4
45 78
6 30
84 51
31 74
29 27
29 33
48 88
72 11
34 24
21
88 24
18 23
26 59
55 77
4 15
78 58
55 81
86 8
91 5
35 11
39 69
98 20
67 78
49 60
93 42
66 73
47 81
39 83
12 73
87 45
3 15
1
9 95
16
13 32
42 14
82 100
19 32
9 31
90 37
79 9
82 35
15 96
78 28
52 5
50 89
55 91
7 4
12 49
32 30
16
73 95
76 27
97 56
16 59
100 34
64 25
58 34
48 59
88 85
89 5
6 29
83 79
85 61
24 84
15 14
8 99
8
35 26
22 47
63 45
45 7
70 39
96 78
78 80
68 80
22
48 68
98 39
51 30
65 82
47 74
24 80
71 6
93 1
75 17
79 37
81 81
3 17
12 11
88 34
53 44
63 21
11 100
30 61
94 61
86 46
25 93
98 9
27
42 10
36 12
42 79
59 16
70 59
22 69
8 4
56 17
80 28
90 56
37 92
37 2
87 82
59 29
79 48
9 5
68 20
98 44
11 10
20 9
29 81
36 93
10 37
16 91
98 89
80 58
59 86
32
98 20
78 97
75 45
53 82
50 46
96 48
58 11
30 4
84 38
73 22
31 72
40 16
65 71
2 97
7 51
70 70
66 4
48 99
32 92
89 52
99 81
43 84
39 57
46 24
46 23
46 71
38 28
51 85
33 2
52 52
21 92
95 73
14
95 71
3 81
70 98
97 35
30 53
44 5
2 53
50 18
63 72
9 30
80 100
32 63
66 83
56 23
15
93 70
16 61
15 26
95 13
61 2
31 99
42 65
19 83
33 59
74 90
51 62
93 73
56 65
30 75
30 31
24
75 100
15 81
47 100
94 79
40 48
78 44
86 4
22 13
45 96
69 64
66 58
50 41
97 30
11 24
6 27
78 31
63 80
79 44
22 9
9 24
67 61
17 38
50 52
48 90
18
68 5
70 3
4 9
57 51
62 80
85 35
64 92
54 64
94 7
28 14
74 17
83 41
57 12
13 87
86 98
3 59
13 53
13 72
17
69 23
84 96
80 55
18 27
32 95
88 24
4 45
19 56
90 96
4 82
94 76
13 1
3 52
17 18
30 27
1 33
80 51
8
11 5
75 62
93 5
44 50
5 89
59 99
88 100
3 40
16
56 86
37 80
97 10
36 53
37 27
29 36
71 16
26 33
59 84
76 82
25 9
13 17
75 75
15 13
67 67
52 82
14
88 61
58 84
19 93
81 36
64 7
29 97
74 48
59 13
40 56
32 67
79 56
31 59
25 43
62 97
22
35 100
39 18
27 18
89 31
12 62
77 95
23 60
85 77
35 87
27 92
76 1
31 82
64 34
58 26
39 12
11 15
32 73
43 50
32 59
72 31
25 95
6 49
7
91 77
11 86
12 82
57 63
45 45
9 42
51 22
20
65 60
85 83
84 49
7 27
57 15
62 78
78 33
31 67
9 54
16 16
79 91
99 78
75 24
84 93
43 96
8 55
89 60
8 92
18 72
39 14
14
100 43
73 58
40 18
27 26
94 8
86 69
67 23
97 61
44 11
6 45
52 99
39 65
72 43
12 11
9
37 49
100 31
3 94
33 17
43 29
22 40
78 11
30 96
93 38
8
37 34
84 97
61 40
82 22
32 84
20 93
81 32
83 51
30
100 5
33 58
50 94
57 6
54 27
16 86
29 46
34 49
32 26
38 73
6 6
37 22
93 50
30 21
3 95
100 55
12 54
48 84
42 13
39 4
41 95
40 7
7 69
46 25
49 39
44 84
5 54
55 32
4 97
44 84
3
43 38
1 12
59 26
30
14 67
61 4
10 6
75 52
76 17
7 72
55 76
29 2
85 11
60 35
18 89
47 3
45 7
60 58
69 22
89 73
76 82
88 1
53 38
6 14
37 80
56 64
17 92
2 36
71 1
41 13
15 40
99 39
97 11
33 58
1
21 30
18
21 57
46 37
2 25
5 51
66 39
82 12
47 82
35 35
48 69
9 75
66 14
25 59
16 14
30 57
29 45
53 79
68 1
26 99
17
82 1
67 11
92 45
91 100
34 79
78 12
72 61
26 91
67 30
45 39
20 75
3 41
93 98
65 4
81 43
44 86
48 62
30
40 58
100 61
47 70
47 11
34 59
36 89
56 63
59 74
45 30
85 99
44 42
59 88
20 86
81 96
43 33
90 42
55 34
3 89
100 1
11 1
42 33
48 46
71 49
30 6
5 15
56 14
53 100
85 66
61 72
4 66
8
93 59
13 41
44 34
33 65
75 96
37 17
64 20
90 37
14
4 67
80 78
77 12
77 33
56 61
78 90
97 60
4 37
49 37
32 37
21 14
88 28
16 38
53 60
13
74 49
5 71
50 51
79 16
44 34
90 92
69 85
81 1
4 5
6 18
1 93
13 71
10 80
14
69 48
52 7
80 70
74 22
23 83
13 89
84 57
46 4
73 69
1 98
1 29
86 70
71 45
58 56
22
11 18
86 97
100 17
97 55
80 21
44 31
43 68
52 100
97 47
71 72
72 94
46 51
37 42
12 91
100 44
61 13
10 10
27 99
5 9
82 75
57 85
4 25
7
55 76
24 49
19 78
50 69
14 70
6 91
54 56
29
66 55
17 62
60 27
88 95
69 16
100 69
45 77
27 4
10 20
95 76
46 88
37 63
28 67
24 79
32 84
90 25
86 97
24 58
52 97
12 11
31 72
48 12
67 75
46 27
54 76
63 40
2 99
18 51
29 81
29
60 64
6 65
2 9
84 63
15 50
62 46
76 86
86 25
91 50
95 12
17 18
33 34
87 15
32 83
64 67
83 25
89 23
83 40
2 43
92 66
11 68
6 53
29 38
87 91
54 71
89 33
18 70
36 73
55 56
4
18 75
57 44
84 93
27 96
2
93 49
17 18
23
22 22
51 93
31 64
69 21
61 64
81 90
77 33
40 89
63 96
91 9
53 19
66 75
100 80
24 14
82 69
91 30
74 55
70 93
13 5
20 90
79 26
10 52
40 56
5
2 51
94 62
14 72
37 68
67 45
19
88 68
50 36
43 78
70 23
79 12
2 34
11 98
50 32
87 73
73 41
43 90
83 34
100 66
55 50
68 44
64 57
44 55
84 65
87 86
5
66 50
3 39
49 15
16 34
21 21
29
62 94
79 51
68 96
45 30
26 22
30 64
71 41
5 74
11 54
59 43
60 60
62 97
45 75
42 48
68 66
11 50
100 81
76 41
71 20
41 72
87 96
36 71
96 57
63 40
82 6
18 21
69 42
68 31
78 13
25
97 30
92 59
10 77
4 33
55 29
70 75
62 2
37 92
87 70
84 28
61 44
61 56
24 54
73 92
69 89
70 34
92 18
46 62
46 53
34 50
24 100
1 55
46 37
59 89
68 84
26
80 27
88 98
21 86
58 31
51 61
31 91
34 68
14 92
89 39
72 63
38 88
40 26
23 27
85 80
99 6
84 78
75 78
63 71
53 48
60 73
63 4
71 90
33 49
87 36
50 21
8 58
12
99 35
9 66
50 30
28 66
49 79
54 6
20 72
24 53
12 92
55 27
50 54
86 3
13
7 41
50 87
74 66
65 84
44 39
40 94
22 61
9 18
23 79
98 32
56 27
91 90
96 34
32
50 35
72 29
35 90
39 58
31 53
17 74
69 21
12 62
35 29
37 29
4 65
63 21
76 30
20 4
99 61
96 63
44 48
89 67
76 30
82 27
52 6
78 50
64 20
48 89
69 98
63 36
56 72
54 77
80 31
44 73
88 78
77 91
27
65 57
32 12
46 43
94 89
18 95
10 13
60 58
26 60
22 95
3 50
3 50
29 85
28 27
14 58
34 18
26 96
60 50
92 9
97 5
51 85
49 66
23 61
20 60
6 1
50 93
94 8
93 4
26
20 30
96 31
64 90
15 43
2 65
56 24
72 58
61 92
92 38
12 73
44 51
8 12
13 36
29 16
8 16
98 2
32 79
20 93
35 47
11 35
10 89
98 18
61 33
22 58
30 52
54 34
9
61 97
10 60
40 28
87 77
74 93
24 66
85 66
53 22
84 71
9
1 32
65 90
100 13
16 86
71 81
6 69
82 68
29 17
57 9
17
1 96
13 79
96 77
98 49
72 100
92 82
34 3
67 82
81 99
14 5
75 61
18 35
68 42
70 35
43 76
23 27
57 43
11
52 19
69 88
59 52
95 2
87 13
32 28
60 85
51 36
10 73
90 85
4 4
24
31 25
51 66
9 54
92 7
11 79
47 79
89 14
8 48
35 2
85 36
95 71
21 20
81 67
57 57
60 84
61 32
98 91
96 11
70 58
88 39
18 80
93 35
34 58
11 52
20
95 39
86 43
63 66
47 52
60 72
31 82
42 44
93 73
20 5
26 50
89 59
28 5
49 75
9 85
48 100
91 80
22 42
8 76
27 37
8 6
3
90 87
81 34
26 15
1
27 34
26
15 92
19 18
66 90
50 56
3 17
7 29
3 96
55 34
13 91
98 60
99 51
84 39
53 31
19 61
87 39
30 80
49 1
90 1
8 66
82 39
20 62
9 41
74 74
64 64
75 86
88 13
29
23 51
56 7
25 83
69 94
75 56
4 70
11 27
34 69
3 50
21 47
56 95
20 94
57 19
45 58
45 69
71 70
28 20
54 26
71 53
60 23
44 46
72 64
84 54
55 58
4 38
32 27
20 59
29 4
61 28
30
57 48
19 95
22 76
30 44
15 26
86 4
99 12
35 49
84 52
59 92
96 22
5 85
57 54
83 8
20 36
84 8
2 77
4 2
97 75
1 33
88 63
74 86
86 86
90 9
52 69
42 48
84 47
53 99
6 92
28 87
2
63 94
47 54
28
21 57
42 12
75 21
58 29
15 100
60 43
12 4
3 12
10 5
3 38
82 14
100 61
38 9
71 45
43 91
47 86
97 16
36 88
69 23
75 94
88 35
90 34
97 99
56 92
81 59
72 58
18 62
22 24
19
44 68
63 97
96 29
78 78
65 35
55 52
26 10
98 89
78 12
60 48
3 21
2 18
42 61
30 15
37 65
84 89
37 80
61 46
23 32
26
88 19
73 93
71 97
46 14
91 82
93 94
96 12
65 63
4 8
90 79
15 20
3 78
14 47
59 1
23 98
16 100
92 62
11 40
53 62
95 56
49 96
7 88
50 97
4 23
1 5
24 45
20
26 22
88 66
76 26
1 85
52 75
18 14
24 91
96 80
26 32
32 91
49 65
14 28
84 71
23 70
93 80
2 90
7 71
48 89
25 82
56 100
24
74 14
89 18
65 5
82 72
4 7
55 47
12 83
18 77
100 82
74 98
51 41
48 96
44 39
15 29
37 95
8 90
59 62
66 49
20 24
82 47
45 23
58 37
65 57
38 75
28
63 24
74 57
56 59
54 64
78 36
72 48
8 19
30 33
50 56
75 5
86 97
93 50
7 22
39 49
86 33
57 54
62 1
59 30
46 17
53 64
63 23
94 24
9 70
25 23
27 58
6 52
1 12
86 99
3
24 47
85 91
47 29
25
29 91
7 95
58 74
48 11
87 20
42 41
15 95
52 66
17 41
5 58
8 69
27 90
65 54
38 18
16 93
83 74
68 44
69 42
4 25
97 17
9 90
36 38
55 24
16 40
49 24
32
56 92
71 9
73 9
99 88
3 18
100 72
40 99
67 93
97 16
64 83
44 86
22 1
8 67
82 13
61 31
74 2
62 16
24 44
83 87
4 74
46 38
36 55
48 37
52 2
37 44
81 16
68 80
98 54
66 75
57 79
32 26
41 83
6
17 78
61 80
35 90
87 98
33 89
88 23
30
83 75
42 74
53 16
21 9
36 50
81 87
64 92
26 12
5 57
25 4
16 36
22 66
53 65
97 63
2 75
1 34
8 85
52 42
3 12
14 72
10 38
81 94
5 74
82 7
62 62
49 6
71 77
41 71
85 75
50 89
6
2 74
81 22
73 96
50 45
58 45
54 87
7
79 19
77 7
68 60
65 38
66 69
91 88
62 58
19
63 46
72 60
82 65
12 4
48 54
50 61
99 5
7 4
34 17
46 14
33 94
10 83
1 1
91 49
11 58
56 65
77 25
41 27
30 10
8
30 15
65 64
62 86
93 20
53 31
76 6
90 98
60 10
31
8 10
20 81
98 70
95 75
53 26
35 87
39 34
15 49
13 54
16 1
93 84
89 46
73 50
39 86
97 82
44 29
62 5
26 63
89 11
36 72
59 93
78 70
70 49
2 93
93 83
18 69
66 85
34 6
44 38
20 24
53 40
3
66 44
22 77
65 76
13
57 63
32 51
51 34
78 1
35 53
21 70
54 5
10 87
76 39
63 53
93 95
9 67
84 88
13
11 9
54 1
9 73
56 4
55 95
72 56
43 59
31 42
47 47
8 69
45 38
52 61
5 91
22
44 100
36 53
63 5
58 37
45 35
90 13
19 91
63 97
91 77
60 56
2 37
45 28
24 91
42 57
13 15
66 63
15 56
60 1
89 29
15 69
82 34
76 56
12
38 53
43 77
88 93
47 32
28 67
91 37
31 36
48 5
22 93
60 55
67 22
11 40
19
96 55
10 16
16 71
61 62
57 44
83 53
51 40
19 49
39 40
22 54
53 95
16 14
25 59
25 38
100 65
71 12
79 95
17 80
94 46
5
2 89
23 82
32 41
11 72
10 71
12
57 92
58 20
78 72
61 34
50 55
18 12
6 20
100 96
42 75
51 93
94 82
5 32
22
76 64
86 48
63 37
93 30
87 82
11 17
29 72
22 17
34 41
46 41
40 82
23 72
23 84
29 56
12 54
69 66
13 87
76 55
84 27
8 20
36 22
93 71
1
14 87
17
55 73
54 2
74 46
82 28
83 48
1 10
76 95
33 22
28 40
67 60
80 63
84 26
96 15
31 28
42 35
59 87
89 48
12
14 45
26 91
25 61
13 88
63 71
56 34
61 54
20 15
94 23
58 98
45 61
43 86
23
30 27
26 89
52 70
83 70
48 94
71 43
55 35
49 93
48 41
1 2
74 15
8 76
33 71
15 20
15 18
96 46
86 44
13 73
95 90
83 47
89 42
28 5
98 95
12
45 35
88 29
2 59
19 15
99 24
39 90
4 17
64 36
21 99
11 89
83 62
97 9
20
1 97
44 3
30 98
95 30
69 58
60 53
23 83
82 83
73 65
68 50
65 60
33 19
29 53
87 94
90 90
86 62
16 43
40 81
11 45
3 34
23
14 39
13 66
47 48
73 77
97 48
64 32
64 15
95 69
55 10
51 84
22 69
36 93
33 2
64 81
35 18
8 47
12 48
47 73
1 10
57 19
3 97
11 72
40 18
10
47 27
78 41
14 67
2 22
54 68
31 82
68 24
83 77
40 67
14 55
1
84 56
13
86 4
67 29
20 4
30 24
16 66
32 59
81 82
49 34
67 86
61 31
60 87
53 96
2 99
22
9 48
4 50
35 13
31 32
52 90
72 6
21 69
53 30
62 2
2 38
4 100
12 33
92 90
43 7
61 90
89 60
61 69
81 45
28 96
85 63
68 31
100 56
21
52 38
51 42
96 89
44 2
14 28
71 86
80 72
32 12
1 39
100 1
33 45
72 47
83 96
15 55
54 91
28 3
97 57
45 30
32 44
71 40
25 97
1
56 20
32
47 4
4 56
52 98
44 88
35 76
30 78
68 50
4 83
91 47
77 52
95 87
26 60
8 17
9 3
58 27
30 13
20 4
53 85
25 72
47 96
74 11
12 76
10 93
40 68
19 100
86 68
79 66
82 63
65 86
64 43
7 75
30 94
30
83 30
6 97
95 30
3 17
28 70
31 48
87 95
66 30
15 6
84 31
64 78
94 21
84 6
12 68
50 29
11 90
86 32
61 16
32 33
2 16
63 12
58 33
14 1
6 23
5 81
10 41
61 69
26 3
23 96
25 90
8
87 79
16 55
15 2
34 48
2 82
44 97
54 86
99 44
29
31 1
41 33
53 40
95 53
49 79
68 69
92 25
11 98
13 46
12 12
97 13
14 94
89 45
99 99
49 85
37 27
11 80
19 78
82 64
42 65
33 82
6 61
58 24
21 68
32 22
34 33
78 80
25 47
97 66
27
46 2
39 53
63 77
47 68
1 26
19 12
44 83
40 79
88 20
40 60
91 10
95 72
1 22
46 42
90 19
20 72
24 87
63 10
77 39
16 10
21 30
12 87
17 16
35 51
10 5
66 75
98 52
8
99 74
71 53
43 69
88 43
18 29
44 50
78 56
24 53
11
10 25
40 18
21 26
30 75
1 82
86 47
7 50
100 59
81 59
53 68
8 23
10
57 41
48 25
29 86
93 71
80 53
92 62
34 58
87 18
70 68
53 34
8
63 92
50 19
39 43
18 3
36 46
54 10
57 12
40 39
28
44 31
45 11
68 35
5 78
45 7
92 74
93 49
11 83
84 64
54 6
23 38
25 99
4 32
40 88
79 94
77 19
82 22
57 21
50 49
7 13
86 95
43 98
32 31
46 6
11 68
57 99
49 33
16 82
32
55 69
48 45
21 26
7 69
77 93
43 7
14 41
27 89
83 63
47 9
54 88
50 14
70 52
100 34
49 3
24 3
99 56
81 23
43 72
64 39
45 20
60 58
46 10
73 38
46 29
68 71
84 99
2 70
3 5
60 1
55 4
11 83
30
43 5
47 25
40 81
77 18
30 98
95 87
11 67
65 75
43 81
64 15
17 12
66 20
79 69
24 21
31 13
17 29
5 73
5 64
33 44
93 82
68 62
81 88
62 78
10 97
11 56
19 25
44 79
48 37
57 75
87 23
16
4 51
55 12
69 19
3 50
43 50
17 65
97 82
95 46
55 93
55 51
21 79
74 34
33 57
14 48
87 7
57 53
22
63 16
84 60
62 64
58 85
53 78
74 39
34 50
4 18
73 36
56 34
60 58
42 13
78 59
45 48
56 82
49 86
45 18
33 85
69 59
36 91
81 22
71 62
14
27 31
3 1
57 12
23 12
53 21
98 82
26 100
55 79
27 12
8 24
57 63
32 18
6 99
79 5
27
45 27
5 97
52 45
1 17
91 15
68 21
70 72
50 19
26 48
27 13
20 1
57 89
72 90
95 7
86 76
55 13
61 30
74 59
27 12
79 27
99 18
89 98
16 69
68 90
2 93
94 46
87 74
2
58 63
9 9
2
21 46
75 40
1
100 50
1
26 77
15
25 94
34 20
87 45
12 24
77 32
25 10
96 50
64 78
38 5
90 72
92 83
57 81
31 25
69 9
34 7
11
10 52
37 62
100 6
18 12
89 31
55 79
74 38
54 85
22 78
20 25
17 5
8
41 13
21 30
88 61
3 7
16 91
28 64
63 22
91 91
26
69 79
69 100
84 94
23 22
46 6
62 42
42 14
6 74
47 23
63 66
20 53
20 5
32 83
98 93
35 75
53 91
42 55
48 73
46 26
83 71
64 44
57 44
17 57
80 15
32 63
67 94
16
87 98
82 86
83 31
66 56
60 73
15 20
20 33
78 92
74 42
5 21
30 17
85 62
93 96
27 100
66 38
87 30
16
68 16
98 87
52 75
35 23
89 23
94 19
48 80
5 35
92 21
50 21
57 5
49 45
23 56
74 86
72 53
20 77
12
69 63
66 18
52 91
31 41
34 22
70 62
66 21
64 90
91 38
95 68
16 87
9 50
1
13 75
12
84 4
18 67
85 53
95 84
76 88
10 26
39 9
81 31
72 5
94 96
63 62
100 88
10
8 90
64 82
58 73
56 67
85 24
60 60
55 20
95 48
9 32
70 55
19
26 88
83 62
75 20
7 98
27 74
33 48
12 61
18 5
13 30
66 93
53 72
78 85
31 100
60 9
31 86
73 50
11 56
75 7
4 85
26
31 58
90 81
44 91
60 47
59 74
39 52
56 82
60 76
6 7
66 20
50 43
67 15
25 58
32 74
77 61
18 17
98 59
1 60
6 41
66 60
64 16
97 57
32 19
26 8
80 89
32 91
1
50 58
30
23 82
95 22
38 52
10 12
23 35
28 63
74 80
95 45
1 37
56 44
3 84
73 33
75 82
63 56
5 32
66 52
73 28
31 60
23 11
97 92
54 98
77 24
69 28
16 72
67 21
5 71
55 69
3 29
84 30
13 17
20
30 68
41 67
49 41
64 3
99 41
94 61
89 75
95 73
89 60
26 67
71 11
18 47
49 99
34 99
11 65
84 22
40 41
33 24
78 89
29 96
1
74 8
15
99 97
8 49
15 87
49 86
32 86
36 66
64 32
48 70
43 27
19 31
7 34
22 51
99 36
12 2
28 6
30
26 54
14 14
81 64
64 99
82 18
53 30
93 65
12 74
68 19
89 94
52 2
75 40
38 88
51 77
56 95
49 69
34 33
48 62
60 14
31 11
40 93
57 36
9 85
55 20
13 77
30 44
83 17
4 4
32 72
66 6
31
14 74
8 19
18 27
38 21
52 29
20 30
38 39
99 4
11 57
22 27
56 6
40 38
41 60
91 11
76 46
20 78
48 42
68 79
99 66
94 6
87 2
40 65
69 25
81 39
65 31
36 2
91 21
32 27
37 83
81 22
51 64
12
51 5
25 30
28 16
61 82
68 82
21 25
45 44
77 11
28 27
62 30
21 100
31 88
31
4 76
40 83
34 55
5 96
20 15
43 72
84 1
21 24
96 8
5 16
92 59
86 31
45 22
42 37
19 84
60 96
31 22
28 51
46 16
31 84
55 18
70 25
48 38
98 42
58 95
53 54
84 49
70 90
26 80
64 63
11 44
15
41 18
45 25
22 8
38 29
35 91
61 62
61 25
22 2
59 56
60 27
10 8
29 50
27 90
5 44
54 23
23
46 40
36 55
76 53
43 16
3 67
79 4
17 27
100 32
91 72
83 26
87 50
30 84
11 76
32 73
78 85
24 10
64 23
28 11
27 92
10 70
73 29
7 88
19 89
6
61 12
47 83
69 62
92 30
92 97
28 64
32
38 42
16 51
62 53
96 43
12 40
20 5
44 37
25 26
83 15
27 89
35 65
33 89
80 16
8 29
57 95
88 83
34 46
50 4
98 47
86 46
50 10
46 5
82 46
60 22
62 64
80 86
74 48
64 12
93 5
52 23
57 49
46 39
6
95 94
92 36
73 40
42 53
50 29
62 87
11
25 46
83 37
84 56
68 9
13 99
73 12
12 64
55 30
19 57
51 48
91 7
11
95 31
60 84
70 44
19 21
98 67
49 55
38 53
72 57
22 89
61 83
94 37
26
2 43
43 61
19 5
47 33
80 49
60 82
3 23
41 33
82 69
69 95
85 34
58 78
99 25
37 92
38 87
30 79
39 39
43 24
56 9
9 41
22 35
10 21
53 24
92 2
49 34
19 13
29
76 90
88 9
45 20
57 26
7 23
13 95
38 30
38 21
82 30
52 24
33 2
6 27
71 87
35 39
9 83
72 19
27 85
56 11
36 71
46 12
6 95
24 58
79 95
77 61
85 12
13 28
54 69
7 18
8 76
29
16 58
29 11
37 52
7 39
27 60
5 70
76 21
96 62
92 22
98 57
93 3
67 77
83 13
20 36
95 58
16 12
23 11
62 96
87 59
70 21
90 13
85 74
88 17
91 80
88 31
34 40
17 32
45 52
40 51
8
34 8
75 27
49 96
10 71
9 60
29 30
71 21
57 55
12
88 42
72 78
69 76
7 57
61 85
87 3
18 100
85 95
21 97
45 81
90 43
51 56
7
23 85
91 41
28 79
19 84
55 57
26 94
52 64
22
55 24
75 1
95 24
20 11
91 67
10 17
72 32
2 60
83 8
98 43
70 13
31 81
88 79
56 76
28 3
26 69
69 34
9 52
62 15
82 29
97 5
36 43
32
38 2
36 28
25 80
1 1
83 58
97 31
38 59
38 99
76 7
27 23
31 79
92 42
75 11
7 96
84 17
70 27
54 73
52 58
10 30
39 4
87 92
2 35
33 24
30 39
13 60
38 57
50 44
54 30
77 24
92 13
39 12
84 61
8
87 70
79 21
60 91
77 23
24 46
31 52
82 15
27 90
22
22 80
61 91
14 76
40 89
1 57
69 78
21 84
71 39
69 41
52 13
41 91
15 98
28 92
25 81
7 69
48 66
56 29
56 8
97 21
77 95
24 49
84 46
4
6 36
4 36
88 18
10 95
29
54 61
41 16
84 78
96 99
27 84
43 51
24 82
28 39
39 100
97 51
46 23
28 32
88 82
21 98
7 34
94 57
72 12
42 86
84 7
90 37
39 63
96 33
23 62
62 76
26 62
36 10
42 24
5 63
12 29
25
19 62
7 33
56 30
23 44
27 14
4 59
98 41
37 88
10 59
72 12
89 23
58 82
75 64
20 73
36 55
16 96
80 54
36 74
17 35
49 58
69 95
36 4
91 66
76 24
87 52
28
27 75
84 33
59 91
10 8
44 13
80 6
85 49
36 53
21 72
72 46
14 15
2 75
17 31
58 77
63 68
94 9
41 42
32 30
89 99
11 93
98 32
33 42
94 35
6 20
65 66
81 77
3 30
12 34
19
22 63
77 38
32 30
23 18
49 13
1 21
84 42
91 85
17 25
71 25
82 88
5 36
68 10
12 34
98 54
16 82
20 19
100 92
10 3
22
10 15
15 43
78 3
46 99
67 54
24 22
4 55
59 12
31 13
77 44
93 84
51 58
29 11
11 43
4 31
45 84
78 65
20 60
10 55
61 65
86 77
83 36
25
41 47
78 6
34 36
29 13
64 91
72 91
53 58
13 2
99 37
14 77
48 58
67 21
81 64
50 95
77 16
63 42
99 69
5 92
56 32
75 33
23 19
76 46
99 76
64 40
17 97
17
16 54
73 97
77 80
81 19
96 93
7 22
21 16
20 50
5 52
26 4
79 76
3 23
22 6
69 43
11 18
24 97
94 26
28
22 5
85 66
13 66
24 59
31 81
100 73
30 34
12 56
34 5
7 34
7 91
59 49
59 25
100 7
100 37
41 47
64 74
39 78
88 29
9 15
87 18
51 60
67 68
72 14
48 100
42 31
31 54
30 52
26
29 59
58 78
18 27
43 83
22 47
34 23
83 36
74 3
6 42
9 42
65 19
18 60
54 47
78 24
53 5
63 19
96 34
12 73
55 65
12 54
76 28
15 97
100 58
52 41
34 5
23 12
10
93 23
76 45
22 16
68 81
95 92
87 53
65 67
74 51
62 70
98 53
27
7 68
8 10
66 58
21 41
90 88
80 44
71 86
59 47
15 3
98 50
36 19
83 16
41 39
100 5
2 94
61 62
71 8
18 20
12 36
76 90
33 1
87 7
54 56
58 97
47 20
90 55
23 34
5
63 72
24 29
82 56
68 85
56 89
11
43 58
48 98
51 70
77 32
39 89
85 82
53 97
3 31
17 42
66 25
40 88
30
47 11
96 75
16 15
53 3
97 25
24 3
53 67
95 8
46 93
77 28
80 94
97 60
76 73
39 73
12 15
26 84
11 59
25 73
27 78
54 29
31 23
89 78
37 35
27 35
62 82
76 56
67 93
66 24
96 42
8 56
20
33 39
1 18
94 57
83 78
32 22
5 6
46 61
97 39
18 81
94 30
5 73
39 87
4 80
76 32
39 59
49 35
4 24
80 50
27 49
70 63
2
74 20
65 70
1
97 18
22
91 48
4 54
44 29
84 84
11 75
65 42
42 45
100 88
20 91
70 48
69 82
1 31
1 43
7 17
14 70
17 88
93 56
36 73
56 36
62 19
12 18
62 78
17
13 66
37 44
65 60
28 18
70 95
47 22
80 38
3 17
85 19
63 58
93 57
64 50
11 63
74 81
42 89
6 27
22 6
2
86 65
45 11
16
18 32
69 79
95 98
68 72
81 79
88 31
80 26
88 51
32 43
83 62
40 25
31 88
81 13
50 47
43 43
74 81
29
94 59
5 10
77 17
98 84
23 59
39 75
62 73
4 81
63 75
66 81
11 2
34 78
27 9
52 76
1 8
18 64
25 46
63 23
58 53
12 12
86 80
52 2
82 99
26 8
88 96
97 91
21 50
58 30
57 99
13
57 58
76 76
52 2
16 50
7 5
68 27
64 38
41 69
2 15
92 48
87 97
93 34
54 36
6
53 46
58 30
38 62
37 86
37 39
7 86
25
85 44
81 60
80 1
15 74
21 81
77 6
39 60
47 21
46 45
49 44
54 75
64 10
99 39
27 55
61 84
80 20
31 45
45 12
85 11
91 11
16 58
17 20
40 7
3 63
7 86
23
12 12
28 60
10 50
76 82
42 46
25 47
78 86
83 36
73 40
30 93
61 30
46 1
41 67
21 60
18 78
41 71
82 29
30 68
1 92
37 6
4 42
80 13
100 81
14
72 20
2 6
66 1
98 2
94 84
4 10
79 23
16 26
8 8
37 35
36 51
39 94
98 29
8 51
6
21 2
74 2
55 27
44 26
76 8
54 28
5
76 31
57 15
22 91
78 16
18 11
13
56 56
5 93
53 58
11 35
88 25
51 84
62 94
1 47
74 89
25 54
30 56
64 39
61 72
23
23 1
65 48
55 78
35 58
10 64
75 69
8 34
37 10
71 1
1 83
8 59
35 7
88 63
79 74
86 11
12 9
57 8
37 76
33 63
27 71
91 94
80 53
62 50
24
85 50
3 2
9 95
30 9
96 23
1 3
88 58
69 62
70 47
83 45
29 32
10 6
96 75
6 62
76 46
47 73
26 60
54 1
61 34
8 83
37 8
66 61
22 76
22 34
7
5 30
59 74
84 62
57 85
90 97
72 54
53 14
15
53 39
72 37
71 14
73 31
91 60
35 38
72 64
54 57
13 1
11 80
63 74
82 95
36 11
83 88
40 49
9
44 87
10 1
24 9
82 93
83 83
17 19
42 99
52 73
85 43
15
10 5
52 45
56 92
79 87
36 90
54 70
65 74
36 7
82 74
7 28
62 64
32 77
19 60
64 5
41 13
14
51 17
68 91
98 94
24 7
94 87
92 93
57 67
54 50
31 82
88 81
43 46
78 65
35 2
65 34
19
11 26
28 15
35 53
2 21
44 41
34 40
31 88
97 52
6 33
63 78
18 38
80 61
38 82
16 34
50 23
48 14
28 12
64 28
100 14
5
96 54
39 56
39 83
79 43
100 71
5
37 85
45 26
7 69
54 34
8 74
11
56 39
66 15
30 35
34 80
85 47
2 29
12 76
18 40
62 42
50 17
5 47
15
73 43
77 33
6 78
81 84
91 96
62 47
28 25
11 93
29 26
80 39
2 4
21 71
33 44
93 89
46 79
32
70 73
1 52
10 48
80 85
27 5
18 26
5 4
14 62
91 31
10 4
6 94
67 80
64 49
93 7
52 94
67 12
16 22
69 67
3 77
81 48
25 82
85 99
12 81
11 50
53 2
48 72
4 58
58 66
72 67
13 51
14 76
49 79
1
17 45
9
16 100
81 38
88 92
72 65
66 51
53 35
58 18
28 52
17 13
1
40 32
19
15 44
22 53
33 63
31 18
17 90
79 98
89 97
13 18
68 13
99 30
100 72
23 56
69 27
63 39
31 52
95 50
2 97
12 68
85 86
26
54 27
5 92
80 2
67 74
42 44
42 96
95 65
88 98
18 73
36 78
8 69
15 85
38 57
68 82
66 75
2 61
52 71
73 58
32 32
27 39
86 25
89 69
18 81
53 28
6 35
55 88
17
21 24
13 21
88 2
19 88
41 49
52 90
14 98
29 83
10 52
89 5
94 30
47 69
74 21
78 33
39 13
89 43
15 59
1
55 12
24
55 30
71 80
78 6
41 84
87 58
63 2
31 76
96 8
28 77
61 69
34 58
52 99
57 22
22 66
20 68
49 62
93 26
32 20
55 70
28 24
25 94
69 42
49 55
83 16
28
43 85
18 85
36 93
1 39
12 2
73 20
68 25
18 51
82 39
46 87
66 57
81 39
59 7
7 87
21 74
58 35
19 15
7 27
17 55
8 7
26 29
5 32
82 45
84 22
61 15
71 81
19 78
37 51
13
43 89
9 50
60 77
96 23
81 38
55 2
9 39
16 35
39 40
74 61
96 13
73 88
59 76
6
9 94
22 38
81 50
58 23
82 57
52 33
4
5 65
4 26
60 13
5 19
26
78 31
26 62
86 17
75 53
98 88
25 36
85 19
42 57
14 94
78 75
94 17
22 43
46 71
82 86
90 16
99 32
45 19
36 24
77 31
70 62
97 26
45 46
3 33
27 38
12 16
32 4
6
5 98
95 28
10 91
32 11
9 93
37 51
16
19 38
51 12
38 88
86 48
32 34
71 88
55 58
14 82
39 38
43 11
6 19
80 33
64 68
28 72
8 66
55 63
7
6 75
64 66
3 5
36 97
19 90
44 46
11 100
26
73 91
61 24
8 30
49 40
11 23
41 76
39 70
48 95
52 65
80 66
68 8
96 76
46 10
53 41
3 45
87 86
61 75
5 47
38 20
43 53
81 100
22 83
29 71
35 69
86 33
40 66
10
35 93
38 15
19 27
29 34
21 57
17 4
60 19
9 37
31 64
44 8
9
14 29
50 93
25 100
65 87
92 17
3 57
94 58
29 30
58 80
21
13 100
70 1
89 24
88 30
38 19
83 31
97 18
19 76
52 48
13 6
49 20
23 21
67 7
87 52
61 46
97 71
23 26
49 18
48 12
82 36
19 85
29
67 54
73 92
95 14
78 78
78 67
89 51
69 36
22 92
4 14
62 92
67 29
30 79
26 30
11 17
87 62
68 27
70 53
19 40
69 65
83 48
50 46
34 71
14 18
83 55
99 17
46 44
75 65
94 75
43 52
32
30 66
33 83
52 82
52 24
92 68
50 52
1 89
22 72
85 19
53 29
27 2
99 97
23 43
36 25
67 74
39 91
25 96
30 23
46 77
96 33
84 89
30 98
69 85
55 3
31 6
7 7
55 9
51 57
81 77
3 38
81 99
47 93
5
76 16
13 85
81 60
44 54
35 78
32
37 98
3 34
92 20
80 61
69 47
75 83
72 1
100 77
22 52
61 46
73 37
1 45
25 32
27 6
40 54
4 6
91 77
48 6
19 83
81 27
61 87
88 7
84 33
36 39
36 57
93 96
41 8
91 45
51 17
71 70
75 90
18 74
26
17 31
49 100
32 44
56 88
75 38
73 88
24 65
100 29
73 71
11 59
49 18
68 28
50 18
45 9
79 23
5 62
13 95
90 6
93 44
81 46
33 19
83 54
82 8
79 82
40 55
24 89
12
43 68
17 10
54 51
81 91
96 67
79 76
65 1
45 22
2 10
43 63
45 7
41 2
30
47 80
21 69
8 70
64 40
9 17
22 66
47 99
46 88
66 22
86 98
42 39
93 48
42 4
100 99
91 43
75 29
97 37
58 95
86 5
73 21
87 94
45 95
34 33
6 90
88 52
90 43
90 81
37 82
33 31
74 88
23
48 17
13 12
69 94
79 69
42 42
28 25
69 88
21 12
69 58
97 72
14 11
1 30
66 95
79 31
56 53
21 2
13 55
48 86
54 33
74 79
55 47
86 53
16 23
7
84 32
81 82
95 95
95 10
27 42
20 77
33 31
1
87 52
25
87 89
42 18
43 65
19 41
26 96
11 93
24 36
18 95
41 56
65 12
5 35
11 91
74 25
97 95
34 25
13 34
3 20
36 6
98 45
40 6
98 76
11 3
49 73
29 28
92 89
21
96 23
85 88
61 20
69 32
65 37
49 2
56 84
19 6
56 100
92 76
73 31
41 46
94 97
25 21
64 82
4 70
9 59
31 40
71 69
5 51
4 87
17
59 70
40 62
17 58
1 15
39 47
40 46
39 36
12 12
75 20
75 33
41 85
67 67
89 9
65 17
20 76
45 69
83 78
25
99 88
88 51
42 98
89 86
24 77
88 52
26 96
70 21
13 62
29 88
77 22
38 45
17 52
48 59
41 94
81 84
87 39
88 21
58 80
56 76
79 81
28 95
67 4
18 50
37 32
14
13 53
42 42
58 16
64 100
40 4
36 99
37 31
18 56
13 16
23 46
24 46
73 70
88 80
49 74
7
94 11
75 23
65 87
45 91
6 64
56 100
35 4
6
91 93
60 55
100 55
52 83
4 76
7 77
15
55 50
60 62
84 100
38 35
77 48
64 82
33 82
85 19
56 68
10 29
89 10
62 64
68 23
26 89
95 44
4
1 93
5 29
65 100
37 91
16
71 67
48 27
97 3
22 84
13 52
14 31
95 53
75 75
63 14
57 52
71 9
9 1
57 100
16 60
48 47
13 79
22
12 58
6 25
46 96
60 10
23 77
23 12
86 97
11 36
44 89
59 19
27 44
53 10
25 38
85 99
64 56
13 55
79 27
74 18
27 24
100 33
44 1
49 22
29
59 9
52 69
80 77
55 48
100 89
14 44
29 50
65 69
33 35
13 92
65 2
81 88
40 50
93 81
30 13
22 26
46 88
17 73
72 25
14 23
67 23
73 79
99 47
81 37
80 83
84 93
32 97
46 64
97 71
6
26 84
5 15
13 65
33 29
53 37
2 56
11
32 74
20 47
36 82
64 100
44 67
63 48
63 75
98 8
50 59
84 81
37 64
5
17 28
65 33
40 69
96 18
2 13
2
83 84
35 81
23
30 48
62 46
8 57
54 22
71 67
2 86
22 86
14 54
87 90
11 30
99 26
91 6
99 100
83 26
61 80
79 81
26 90
46 40
61 33
51 51
36 31
17 5
58 9
22
44 51
61 11
9 22
64 66
16 9
43 89
1 95
73 23
48 43
40 13
25 32
83 91
78 8
24 39
96 39
89 57
67 92
65 49
66 27
87 80
20 81
28 29
25
52 3
2 63
54 16
41 34
68 44
74 48
23 6
53 12
100 79
97 44
60 100
17 75
62 39
59 49
76 42
97 31
93 80
95 98
31 98
42 87
34 98
55 67
78 8
38 8
3 29
26
63 80
48 9
22 53
11 96
24 15
11 41
85 3
49 9
91 83
76 36
21 41
95 94
71 29
18 54
57 51
82 52
12 71
23 29
76 85
99 86
78 99
53 62
70 63
97 54
89 60
52 72
5
47 65
87 41
59 52
60 89
22 62
30
2 73
9 5
42 77
28 59
20 19
81 32
85 41
53 29
52 25
86 4
2 68
6 78
36 54
13 94
67 97
21 95
51 68
45 81
40 92
10 72
55 59
52 43
71 40
64 4
7 23
90 1
79 9
14 96
41 66
15 78
4
87 72
74 27
71 68
7 65
18
17 27
69 49
40 20
23 91
65 55
56 82
90 7
54 86
3 55
32 46
5 17
56 56
29 32
54 23
81 46
72 48
48 49
69 92
27
43 34
99 41
48 24
13 57
10 85
88 19
51 7
12 56
63 58
86 43
96 85
17 31
54 95
94 18
86 45
79 32
25 28
52 29
85 72
9 16
87 46
52 48
55 37
46 15
57 18
54 31
14 5
19
67 51
45 40
77 64
94 76
100 56
59 74
10 24
84 75
13 7
58 31
85 1
46 25
81 54
8 76
41 37
88 30
69 60
23 84
59 97
32
11 52
11 41
2 34
17 37
49 8
17 99
35 49
94 41
74 89
48 21
62 10
49 29
49 73
47 32
43 45
96 14
6 53
38 6
42 7
14 6
4 42
90 30
23 90
30 35
56 96
57 77
57 69
41 6
89 5
1 87
52 31
35 97
17
24 54
48 15
28 29
84 89
79 9
83 74
55 13
68 78
87 84
40 88
80 44
32 97
97 66
69 15
1 93
99 25
39 25
14
18 53
89 34
12 79
61 62
16 77
96 91
77 99
91 84
63 20
3 87
83 81
49 69
70 28
26 26
10
71 16
86 98
86 56
68 64
76 99
15 44
91 18
46 65
7 74
89 17
25
69 20
40 28
55 69
94 9
2 32
54 62
47 52
37 9
28 62
37 36
2 23
14 7
52 66
25 87
27 69
40 17
96 95
16 79
40 50
33 61
22 93
44 86
47 68
29 81
16 74
18
17 97
62 24
27 34
58 100
27 47
38 27
22 73
88 69
8 24
56 49
22 100
44 94
92 90
70 76
91 65
13 87
62 59
44 26
29
54 26
52 87
25 32
53 24
64 93
52 28
36 64
85 51
46 29
72 26
96 21
63 88
1 34
48 73
17 78
3 88
74 22
53 54
30 50
94 5
85 93
56 45
96 20
100 40
66 93
66 71
58 13
46 28
53 10
21
21 88
90 32
6 42
94 96
25 7
1 50
34 69
24 45
92 53
4 15
32 85
50 74
32 44
42 29
81 41
28 86
18 1
42 70
65 75
81 87
89 41
9
22 9
84 78
69 27
30 98
82 5
54 4
87 77
18 35
15 27
16
68 7
76 25
99 61
48 92
84 31
64 36
9 44
27 41
61 87
17 76
57 66
71 72
58 34
3 5
72 36
42 58
27
69 34
84 99
98 12
95 15
30 85
94 38
16 22
82 80
48 44
100 99
70 71
80 85
88 74
97 16
9 97
83 35
86 30
93 66
32 83
20 88
77 61
34 13
44 45
88 16
14 44
14 39
24 83
22
63 9
5 61
21 11
45 92
77 50
43 11
42 11
30 82
10 55
88 94
90 6
93 55
21 33
46 84
7 55
15 91
51 21
83 20
63 72
73 28
38 91
1 67
27
83 100
62 37
77 28
69 67
12 83
3 1
99 95
53 10
24 89
92 73
7 43
57 15
39 34
23 47
100 6
5 6
94 34
61 66
85 22
5 30
82 96
90 59
68 80
21 42
66 92
86 12
78 24
31
16 58
32 89
40 21
78 89
83 73
34 95
79 4
60 15
48 74
15 19
86 28
100 8
25 29
15 63
40 49
58 9
49 55
28 41
30 89
61 57
51 64
67 46
60 82
7 27
97 8
87 74
81 34
63 86
48 58
58 77
37 39
19
85 45
72 7
36 73
34 80
83 99
18 79
91 64
22 96
92 50
88 95
28 25
39 25
72 85
42 67
3 62
6 8
14 88
60 30
9 2
9
91 100
17 76
18 6
80 64
55 19
6 74
53 32
70 30
53 37
5
14 30
37 39
78 19
48 3
4 90
17
3 34
61 51
9 72
35 78
96 88
13 42
73 53
82 66
54 94
82 86
99 84
20 21
50 70
69 22
77 39
73 77
80 80
9
88 3
37 63
58 27
39 30
54 63
44 56
10 48
29 30
80 93
5
1 64
38 51
41 70
98 14
45 13
5
47 98
12 16
42 36
65 21
83 81
15
79 36
97 18
98 8
39 89
53 99
1 40
61 42
55 41
6 58
87 100
98 55
18 2
44 33
50 38
21 76
32
99 63
60 37
34 58
48 100
4 84
36 87
99 45
52 29
86 57
43 3
100 40
57 96
39 33
82 46
66 66
81 1
89 16
25 40
91 22
58 73
11 95
91 45
73 62
18 42
44 58
49 12
7 44
28 57
3 98
15 61
13 20
88 95
29
12 86
77 74
83 36
99 23
13 28
100 60
29 55
98 10
58 40
98 93
72 15
17 47
62 32
96 88
75 8
94 96
22 87
74 70
92 4
31 72
83 56
10 83
44 11
2 60
4 1
67 100
46 76
59 35
23 59
7
97 67
60 2
23 35
61 81
24 27
9 84
67 79
15
29 41
100 86
39 31
30 55
30 5
40 27
38 41
95 14
62 4
15 48
71 49
9 47
22 49
9 92
10 100
8
39 92
43 89
27 21
2 98
27 84
75 28
17 19
13 88
12
13 49
97 34
32 83
83 57
49 53
5 43
46 10
100 96
39 35
13 20
21 36
14 96
1
33 70
17
97 9
58 37
22 9
43 6
63 54
58 77
20 63
72 62
58 65
51 24
43 48
35 64
11 64
64 48
32 33
41 32
68 81
14
42 41
36 56
70 47
4 12
83 32
55 66
75 100
2 78
73 74
8 17
28 36
51 7
91 60
52 82
11
2 2
43 63
98 57
26 41
44 62
96 9
15 61
87 95
49 45
17 60
19 65
12
26 92
3 54
87 68
38 55
8 40
82 52
50 16
41 74
70 63
58 1
15 30
69 5
31
80 53
17 27
30 99
76 61
15 83
22 43
32 21
28 61
95 83
84 43
35 68
37 46
56 87
54 19
39 12
64 12
39 18
68 32
44 20
55 43
37 59
31 76
88 68
3 59
53 82
2 86
84 88
26 90
60 91
2 79
43 98
29
33 16
83 48
92 52
6 78
14 2
32 81
69 82
84 42
95 2
3 21
56 34
59 93
52 46
47 38
80 2
17 63
11 12
15 51
28 54
55 21
53 42
75 86
80 73
75 10
82 74
59 29
21 38
83 17
6 25
26
37 78
46 92
54 100
15 96
76 7
61 87
39 69
43 99
78 12
86 4
85 3
61 14
87 22
5 29
87 63
40 86
29 23
23 37
32 83
89 89
75 59
27 2
100 13
76 21
76 29
83 61
13
43 27
65 34
90 23
9 27
18 75
4 32
6 54
37 86
26 46
20 96
74 27
78 84
60 47
2
72 22
34 88
22
68 82
5 62
40 57
84 65
96 9
14 87
24 53
98 51
98 49
28 69
53 23
69 5
11 12
83 43
76 50
32 33
94 95
52 88
52 86
94 35
73 100
52 8
12
2 10
59 96
23 70
22 81
2 28
90 85
68 44
71 39
22 100
45 66
17 9
61 82
23
12 76
35 27
22 63
64 44
2 69
44 34
7 34
35 23
12 92
59 30
1 2
24 10
6 66
34 84
96 88
15 88
14 7
70 49
44 87
7 85
70 97
30 50
72 77
29
35 68
78 46
46 37
12 39
44 63
48 95
91 83
97 35
100 49
18 97
40 86
93 55
24 88
70 94
66 52
19 86
31 52
40 96
34 29
43 51
98 30
12 91
77 40
88 61
57 77
62 58
12 49
36 6
100 87
13
17 39
57 42
25 68
8 5
90 53
95 10
59 71
83 37
14 98
38 95
51 42
3 95
6 99
25
44 87
43 60
76 82
91 85
9 95
54 95
36 13
59 64
74 7
41 48
61 72
9 35
85 2
56 3
60 36
74 16
27 55
37 16
52 54
49 27
73 12
24 54
69 60
66 35
82 43
14
42 14
74 92
29 95
2 28
39 16
89 70
96 93
81 56
8 50
50 7
31 19
95 3
72 91
8 29
30
66 10
3 79
4 57
85 97
50 31
21 100
40 19
15 13
94 96
3 16
17 52
83 73
67 71
94 25
32 95
56 59
37 97
54 58
6 92
22 90
42 56
74 42
7 81
76 88
55 52
3 30
3 71
94 37
13 21
68 87
9
23 46
82 41
46 81
86 26
47 88
29 41
15 41
99 61
37 54
6
18 61
83 4
93 72
93 76
63 5
1 60
32
94 34
14 41
66 91
78 100
92 65
57 58
19 58
12 55
56 7
24 24
6 11
55 48
40 82
44 12
12 51
84 3
43 57
48 50
1 9
73 77
35 92
50 29
35 5
11 13
36 90
52 86
33 41
74 7
18 24
26 17
19 81
38 10
2
37 11
11 22
13
2 46
26 99
3 3
67 12
53 65
3 54
47 4
62 87
63 20
37 31
12 88
49 7
20 1
27
93 89
1 69
23 90
67 52
6 77
44 78
30 23
25 49
95 34
47 63
25 15
3 78
89 13
13 61
81 41
29 72
92 25
15 81
32 66
95 33
11 90
12 90
38 40
25 88
50 33
47 72
49 27
13
89 91
3 61
93 29
57 26
70 18
84 37
21 87
81 16
78 10
73 70
8 18
94 60
61 92
9
39 90
90 65
53 29
32 50
95 81
89 9
30 64
99 78
50 17
18
59 97
67 44
61 83
94 26
17 6
71 54
45 6
95 87
40 73
56 96
90 72
13 65
94 53
51 90
39 62
59 69
12 49
31 77
12
24 2
70 29
51 29
73 75
21 38
77 98
53 68
10 100
12 69
15 62
65 53
91 76
25
91 86
62 96
19 21
96 15
84 99
50 77
1 58
30 87
15 98
3 98
7 14
78 71
85 20
36 30
21 13
98 20
67 11
84 60
74 85
84 31
59 58
67 85
23 60
9 49
98 37
3
56 2
79 82
18 27
17
82 15
34 81
43 80
91 53
37 78
9 64
73 72
8 67
78 92
92 30
66 87
49 89
96 20
98 82
100 22
36 58
38 33
14
81 12
2 74
62 58
18 18
42 86
93 37
14 85
76 75
40 52
1 16
11 59
9 82
33 85
20 66
14
93 4
36 29
83 66
80 45
15 52
93 65
9 51
16 30
57 83
75 68
20 73
35 85
93 1
86 19
31
3 91
83 14
1 31
65 1
80 45
59 16
9 44
52 61
77 38
46 35
61 44
15 18
5 45
38 15
52 75
65 48
13 54
37 100
100 13
9 1
17 79
74 20
80 77
66 25
11 8
3 11
81 71
16 17
84 85
11 5
52 35
16
64 41
29 27
26 28
36 81
49 56
29 7
39 25
42 5
68 46
49 5
85 90
57 65
48 21
83 61
64 35
27 10
11
55 36
13 58
94 87
36 20
48 52
90 12
54 5
72 36
36 10
94 61
70 52
26
30 100
86 48
58 46
24 12
66 45
10 82
27 52
39 29
29 30
20 51
56 33
56 7
94 65
10 68
37 45
44 27
74 19
64 29
92 83
80 39
20 9
13 89
69 98
28 51
1 97
81 99
4
36 5
98 72
33 4
92 94
7
10 38
18 85
67 73
12 62
70 98
38 83
81 82
31
60 33
85 3
84 58
14 93
16 71
26 63
56 49
59 18
79 45
15 43
62 52
15 76
45 59
97 49
29 79
11 3
57 40
97 47
91 92
63 62
24 7
7 88
57 32
28 65
60 36
39 42
17 21
31 53
1 14
92 27
81 82
18
90 73
22 52
43 81
43 83
59 1
7 83
39 42
69 23
82 74
12 11
79 54
85 16
17 92
35 63
44 50
22 40
92 33
13 95
22
8 78
88 34
92 90
28 29
97 66
100 2
65 59
38 53
37 81
49 81
16 100
95 50
23 7
98 27
91 18
95 31
16 98
39 34
62 59
25 67
20 10
69 76
12
6 28
65 16
16 38
5 16
10 65
88 12
9 88
30 5
51 92
59 80
18 36
97 18
20
58 94
69 55
39 26
83 96
12 6
22 73
77 79
88 86
25 88
49 27
57 81
83 40
98 36
5 18
66 67
60 89
95 24
1 80
28 85
91 36
31
12 8
84 70
57 49
26 24
72 36
44 6
89 63
60 31
35 58
24 79
38 75
70 99
51 70
97 54
44 86
93 87
56 7
8 29
4 65
100 33
90 75
37 43
73 78
88 48
26 59
34 63
61 16
85 3
56 11
49 81
67 52
25
23 10
17 21
24 87
38 49
91 50
86 32
4 68
7 86
11 62
47 69
81 26
62 49
57 92
92 42
61 8
69 84
5 83
21 86
86 80
82 10
41 76
96 19
4 96
9 2
23 67
28
3 44
6 4
12 46
37 99
59 71
40 21
77 93
65 77
62 8
89 74
14 90
85 8
11 9
18 38
60 29
73 73
28 15
60 78
76 92
62 49
69 87
79 53
29 97
4 96
69 91
80 93
52 35
43 16
6
12 53
65 43
15 36
16 31
90 44
71 7
14
9 68
21 58
54 40
35 49
91 10
2 3
37 22
37 5
18 32
43 42
58 60
26 79
94 88
29 21
24
19 44
52 19
91 76
82 91
25 92
34 91
44 80
16 56
92 48
65 99
42 85
42 77
54 72
17 81
10 75
18 20
38 80
55 21
12 81
24 88
78 36
15 57
12 21
20 83
4
85 81
74 92
86 13
66 97
22
92 65
84 27
6 61
82 74
6 13
100 93
80 29
37 30
2 47
81 49
56 22
58 13
39 47
84 22
39 87
52 50
28 31
43 87
12 86
50 24
68 17
97 1
24
34 30
84 98
78 82
89 5
14 42
80 87
71 35
73 67
70 72
99 55
98 8
20 36
85 73
93 88
85 86
15 92
41 18
51 98
54 70
11 91
77 19
5 43
9 47
18 30
26
69 84
33 89
8 4
89 58
50 48
32 74
40 93
85 1
3 90
43 54
64 93
69 14
18 6
66 16
85 47
83 47
36 53
57 67
24 95
42 97
70 25
69 25
25 9
50 53
6 27
19 45
2
40 58
75 27
27
74 93
39 91
96 8
74 74
69 4
100 98
74 62
87 21
81 43
95 11
90 31
75 53
22 60
99 32
58 48
92 57
48 83
90 31
56 95
98 64
13 76
38 49
69 86
80 76
86 49
79 27
79 27
21
52 87
37 36
46 51
43 94
93 28
18 25
32 87
36 33
45 8
97 84
52 82
14 72
9 52
31 92
70 36
74 35
23 73
23 62
55 68
47 17
93 47
12
25 85
20 48
44 84
80 55
58 78
91 51
11 10
92 82
3 46
71 78
100 75
49 33
31
18 39
86 66
33 10
86 22
42 81
24 69
48 48
6 1
43 50
61 15
58 24
78 58
81 35
87 52
53 13
51 5
22 22
31 88
10 55
87 69
37 3
50 10
63 37
86 55
21 5
81 98
56 30
65 58
10 88
100 51
7 14
26
29 35
17 90
51 35
21 85
74 53
54 82
44 62
99 61
33 49
29 97
4 63
27 86
47 91
42 29
35 12
46 43
84 15
1 15
51 34
38 21
3 24
37 92
4 98
98 36
32 36
98 26
7
76 64
62 77
18 4
91 74
71 60
96 5
58 85
5
78 36
11 19
10 32
82 48
83 13
15
66 100
98 57
72 52
28 25
29 33
58 97
8 71
75 29
65 3
84 84
62 52
15 2
63 45
26 14
48 27
17
13 26
75 13
84 16
43 100
80 68
26 91
98 50
76 6
70 53
36 60
73 74
88 37
51 69
95 53
100 77
54 3
15 64
21
50 79
73 80
59 17
42 63
12 8
35 47
69 64
99 94
18 94
33 87
89 87
81 85
36 65
19 35
49 99
77 99
78 98
14 1
63 36
95 8
6 26
17
26 90
40 75
92 19
51 79
67 78
10 87
22 84
54 44
44 20
48 52
29 41
7 48
62 16
62 66
71 88
77 90
16 97
32
60 15
18 46
65 37
99 4
26 48
53 42
86 45
93 4
84 78
36 92
54 99
60 1
72 41
69 1
69 20
86 36
34 28
16 3
7 50
49 14
8 32
28 1
4 45
74 72
64 87
37 10
62 17
9 48
100 33
4 77
12 20
47 90
5
63 92
50 46
94 28
35 33
61 94
27
84 49
87 5
14 99
67 75
74 27
60 75
3 74
45 15
4 67
63 92
6 48
97 9
54 85
72 30
42 100
48 2
6 77
76 87
61 71
98 94
69 35
60 9
23 23
89 4
47 79
26 52
12 52
30
17 89
60 3
96 16
16 61
19 73
100 2
14 89
38 93
13 48
59 98
73 36
24 63
61 51
28 75
38 65
53 1
56 55
22 12
24 51
75 37
90 42
83 74
67 4
3 20
70 31
66 62
76 42
44 90
16 36
100 71
18
52 23
78 60
33 15
39 81
55 70
59 80
62 29
47 14
17 34
3 77
95 30
5 96
39 84
51 92
92 61
83 8
19 95
62 13
8
100 93
99 21
31 31
45 79
25 45
61 30
84 54
48 90
7
83 46
37 17
77 85
93 80
27 11
23 63
14 88
3
86 39
69 66
96 17
21
21 13
25 94
77 26
25 66
11 7
75 7
43 99
31 3
14 87
50 57
96 88
55 63
49 86
6 72
67 17
29 71
16 39
16 5
70 93
51 40
98 32
2
41 30
60 28
15
68 93
81 28
43 15
100 87
10 91
59 6
28 76
67 39
43 43
87 82
22 12
43 38
63 71
63 24
36 42
26
55 35
67 69
11 70
21 53
62 53
63 26
53 89
7 1
43 96
82 89
62 6
48 71
85 32
47 24
59 27
13 88
8 65
34 31
83 71
75 55
32 96
36 38
90 85
32 43
83 33
90 65
20
90 36
72 79
25 13
23 98
62 12
72 87
73 92
26 42
16 27
58 73
61 5
95 94
77 55
37 79
68 42
29 32
10 57
21 100
50 87
98 43
7
21 30
2 55
32 62
30 80
89 57
17 34
80 83
11
58 59
52 59
42 78
34 80
32 3
89 55
49 81
43 39
59 30
83 49
33 21
26
89 2
87 3
37 5
27 67
76 95
99 37
78 53
39 30
61 80
69 45
93 41
36 59
17 75
57 36
68 89
90 71
73 56
12 77
43 9
55 38
26 70
23 5
35 3
35 61
57 95
88 55
21
75 13
29 75
32 10
78 18
59 54
78 85
97 35
29 38
44 86
12 99
73 49
83 14
48 85
41 29
16 2
66 41
16 90
52 95
64 99
4 29
13 22
1
61 9
6
47 37
87 61
61 58
23 59
95 95
24 23
23
39 76
42 28
43 81
32 88
51 93
96 12
76 24
32 28
45 37
83 21
7 57
70 92
66 18
12 64
87 88
16 99
26 78
58 57
44 20
64 41
4 46
69 59
86 79
9
82 15
49 21
79 90
59 40
58 96
60 23
9 45
12 10
87 86
16
6 95
87 63
8 69
79 90
69 29
29 16
97 83
84 1
79 86
97 75
32 27
38 19
27 29
40 47
33 65
11 8
10
98 22
82 10
88 87
55 10
90 55
51 90
73 42
72 88
36 47
79 98
10
59 87
85 33
49 98
57 69
58 59
56 79
12 19
6 43
49 73
62 12
2
55 62
2 62
30
37 61
91 76
62 43
75 49
46 99
67 23
33 3
33 77
95 89
83 44
16 53
64 83
73 29
35 78
31 86
46 60
87 67
61 36
36 1
99 87
9 82
36 65
93 94
34 68
63 88
92 16
50 30
10 7
84 22
8 44
6
5 3
90 33
93 41
76 90
40 80
40 9
8
85 44
63 49
88 18
33 25
6 31
37 35
56 15
58 21
19
13 86
18 20
12 54
95 63
94 39
48 34
89 85
70 43
6 89
28 87
72 82
88 58
95 6
13 54
12 67
52 28
99 76
29 22
84 10
11
29 48
47 56
96 65
34 90
47 85
12 73
96 80
67 22
16 53
65 73
36 82
8
11 33
6 94
3 39
13 89
69 3
49 20
15 34
19 90
27
43 36
16 15
36 38
42 34
58 3
84 59
2 93
3 68
74 48
2 41
5 14
35 4
5 24
39 68
38 94
82 41
55 81
70 49
82 42
44 12
70 40
84 79
99 23
70 87
79 72
37 72
27 84
23
31 7
45 90
80 77
58 38
92 60
81 6
39 86
29 92
13 30
14 60
58 36
57 52
30 81
69 80
7 13
20 40
81 89
65 16
53 60
71 22
79 97
82 52
95 70
2
8 51
64 73
15
15 30
62 51
31 97
9 31
22 89
77 80
48 2
14 42
15 100
48 84
35 46
15 81
43 82
89 65
81 15
7
47 97
58 85
15 43
4 88
9 3
32 83
30 63
1
82 76
27
81 59
46 84
50 62
56 27
67 67
99 22
18 1
85 45
40 28
67 100
54 43
77 28
90 37
9 59
92 17
27 100
83 72
85 24
2 33
51 40
14 68
68 49
45 83
10 53
4 84
78 77
56 9
7
45 46
6 65
8 13
39 5
40 79
16 63
64 24
15
84 74
22 20
3 51
55 18
2 64
92 10
19 31
37 47
43 16
21 53
60 7
46 78
17 91
6 60
75 40
32
58 13
86 84
38 61
67 3
56 53
97 77
47 87
75 43
38 62
34 28
87 44
41 63
79 77
34 100
75 70
34 98
33 84
44 19
74 22
74 11
39 81
19 70
65 85
98 94
21 54
97 83
46 7
36 38
89 76
46 21
18 15
99 79
10
94 50
75 71
97 4
94 55
74 18
82 30
79 19
39 35
84 62
59 97
21
86 84
5 61
76 83
14 22
24 26
19 63
89 46
94 75
68 95
20 12
93 98
76 38
76 80
63 89
99 25
8 35
95 85
67 12
86 22
99 80
94 9
18
34 6
100 92
59 29
48 11
55 8
36 38
13 34
96 76
75 89
97 30
77 11
77 8
45 50
49 9
54 5
11 18
9 88
16 10
3
15 72
26 79
14 52
32
89 17
5 7
89 15
25 1
61 17
18 2
62 57
62 18
35 15
2 72
33 43
14 69
84 4
81 92
57 87
3 92
51 45
60 60
12 39
7 84
37 24
81 24
42 50
65 42
13 76
71 18
87 45
100 84
27 22
60 80
24 83
79 15
30
38 74
85 12
70 74
62 9
89 93
34 12
28 82
94 62
84 45
83 90
41 67
45 56
68 72
95 27
5 82
55 20
83 95
20 91
51 52
45 81
44 91
72 30
91 71
68 17
6 74
92 2
58 98
70 88
14 25
58 16
23
12 36
70 17
36 54
5 22
66 68
64 95
67 47
90 34
53 83
41 15
7 55
64 38
59 46
60 40
97 27
14 82
98 60
13 83
4 85
4 69
64 21
68 67
1 82
5
5 64
56 71
29 59
22 46
4 75
13
82 86
19 9
68 95
78 16
52 81
49 81
2 55
22 64
45 69
77 74
78 61
68 47
28 89
17
54 62
75 69
50 39
57 83
51 45
74 24
27 83
83 54
7 81
54 47
43 27
3 79
57 3
71 2
81 97
58 35
3 34
20
5 24
32 15
17 1
74 55
33 99
81 79
86 13
19 79
22 64
67 97
5 76
98 20
52 1
11 33
87 85
8 94
60 43
43 91
97 76
26 16
9
7 47
32 93
11 37
10 95
13 8
64 86
35 84
35 17
27 67
11
72 6
48 78
68 32
7 91
58 64
44 33
91 4
87 37
47 27
89 34
98 6
10
82 22
38 8
27 68
39 16
87 84
31 68
36 18
25 73
83 51
47 9
30
83 99
77 77
10 29
87 65
90 59
92 8
45 50
28 60
98 12
98 11
93 65
52 16
92 18
52 55
1 52
50 89
65 83
63 78
95 26
37 1
8 84
33 28
87 4
15 60
22 84
1 65
32 15
32 52
58 23
26 83
2
75 23
40 92
16
17 7
7 98
82 53
81 15
70 66
78 67
3 37
1 99
13 3
6 32
6 96
30 64
21 31
57 53
44 65
71 60
32
77 10
43 13
93 43
13 8
85 11
13 49
1 84
48 67
73 84
89 96
25 36
8 71
79 29
72 72
42 90
99 32
96 19
13 41
1 40
50 25
25 37
72 15
81 77
60 20
15 53
40 100
70 91
20 48
19 48
38 91
74 13
31 88
29
43 29
81 60
10 20
96 17
89 24
56 73
32 60
74 9
48 32
53 16
35 47
66 1
90 78
3 78
60 77
57 24
83 54
25 37
6 92
67 21
93 94
53 23
83 76
7 78
45 82
29 12
12 80
9 46
75 53
11
86 29
38 86
69 39
64 26
31 12
31 36
80 24
28 5
87 55
14 57
2 20
9
33 100
97 88
40 93
55 71
56 20
9 41
61 47
62 35
65 72
1
41 54
28
20 58
96 82
47 77
30 16
67 23
62 14
6 64
34 53
73 60
52 42
88 81
67 12
36 49
45 32
72 89
47 72
5 43
19 42
9 4
78 100
13 76
39 40
92 18
30 24
65 16
49 81
93 52
100 15
24
96 98
21 16
14 19
76 64
34 56
64 79
56 34
98 91
81 47
39 16
97 5
21 6
54 77
21 73
24 21
18 100
68 72
42 39
2 81
36 17
47 35
20 52
42 55
1 18
11
91 85
33 79
99 97
2 9
82 23
99 22
40 81
48 70
11 30
83 81
16 28
21
19 26
80 89
58 13
87 81
23 94
26 65
15 19
73 86
67 38
36 94
85 100
47 57
67 66
48 79
47 46
72 17
5 65
77 3
83 14
7 63
79 58
4
94 76
48 17
36 83
70 94
3
26 30
96 33
12 44
27
58 90
13 59
15 22
51 15
50 80
86 65
96 7
34 69
38 41
23 34
27 73
7 44
69 8
3 91
2 12
53 98
56 11
85 65
32 23
2 87
51 33
39 40
8 98
38 24
57 45
69 12
55 35
11
75 43
97 18
71 87
91 94
2 34
18 56
39 76
77 4
6 71
61 68
76 4
4
72 41
5 93
27 93
19 59
25
88 86
72 70
63 11
44 62
69 16
91 61
16 7
29 20
87 21
76 89
25 14
38 69
73 17
95 82
100 83
68 16
85 40
50 91
5 99
67 93
5 25
84 57
28 72
44 12
53 67
12
77 32
69 40
12 93
87 50
2 46
66 54
90 41
42 8
12 41
7 86
90 89
72 15
21
35 43
9 56
75 87
63 92
61 14
77 7
94 62
15 75
40 47
89 7
48 99
11 29
35 85
26 99
22 49
43 38
94 56
43 3
95 20
86 57
64 7
2
9 20
35 88
7
93 79
78 95
23 93
77 40
90 9
10 3
40 11
20
33 66
60 7
1 5
90 69
84 59
78 3
91 92
50 64
57 69
98 45
19 1
77 37
26 80
89 79
71 36
54 92
98 55
59 65
85 50
8 48
12
86 3
93 11
61 1
9 13
11 57
27 9
86 47
25 6
46 16
86 60
65 38
87 93
22
37 3
51 66
34 44
81 5
97 96
56 82
90 61
23 64
91 99
36 22
46 96
42 51
89 57
22 31
17 81
83 3
20 53
49 85
89 5
1 29
62 37
50 56
32
72 20
62 2
89 93
38 57
50 39
79 47
68 80
49 59
94 22
41 1
49 30
71 46
98 30
91 59
8 53
24 46
99 80
24 85
94 87
26 14
60 43
75 56
15 27
100 23
75 60
41 92
89 24
5 11
70 86
91 47
93 77
8 14
31
32 51
44 78
55 97
56 38
12 10
76 34
33 86
61 87
28 24
65 36
40 38
59 50
40 38
30 36
95 6
56 73
2 78
74 99
88 56
17 29
62 52
37 93
79 46
22 49
84 6
96 86
35 75
13 54
41 27
32 94
18 88
3
19 65
91 37
24 74
7
75 91
35 33
30 64
12 65
23 51
36 96
22 18
19
86 71
64 49
80 80
49 51
67 18
54 68
41 57
28 29
4 83
69 12
41 19
30 34
56 92
79 77
99 25
47 53
1 84
15 10
12 32
24
79 49
54 31
23 35
62 83
38 58
78 25
66 56
85 11
18 9
39 14
12 42
41 92
44 47
62 50
62 76
76 77
59 92
26 30
12 81
90 40
64 49
4 68
30 81
41 40
16
80 53
16 41
81 71
14 63
76 83
44 41
17 52
10 87
12 46
57 42
32 3
19 57
12 51
80 99
92 3
56 27
3
23 20
100 93
6 37
10
99 12
15 77
63 15
12 24
18 27
29 68
76 49
51 99
98 87
89 30
1
96 9
3
19 28
79 3
60 55
5
58 19
33 89
4 24
35 9
26 30
6
26 10
9 77
15 76
5 58
98 4
99 13
20
69 92
71 10
21 76
94 83
71 79
2 78
86 74
55 37
90 63
88 65
73 19
85 15
20 82
79 88
39 84
76 86
47 59
34 98
80 67
45 79
14
99 9
46 28
82 87
28 9
96 98
22 98
83 11
82 3
81 70
60 17
44 18
64 19
4 41
20 31
23
74 27
77 43
88 1
34 63
91 96
44 84
5 88
70 6
39 60
40 92
3 55
99 58
73 21
77 39
11 55
82 11
53 36
88 58
73 92
88 21
4 63
2 83
40 61
20
78 20
11 67
69 32
82 20
93 90
18 21
83 47
80 28
32 18
5 38
62 23
10 77
33 24
77 44
83 45
64 100
18 12
44 26
46 87
28 25
22
45 97
31 88
68 72
3 100
56 57
18 77
39 33
17 93
69 82
17 61
76 21
38 28
71 1
98 76
3 48
96 87
75 47
70 79
78 94
50 24
1 34
18 67
15
34 11
79 72
88 94
69 51
41 16
38 21
19 16
19 37
85 5
31 17
39 63
92 24
73 14
14 77
94 91
32
27 1
32 28
15 72
92 82
22 82
20 13
31 38
8 8
92 87
70 24
14 6
98 93
18 28
93 74
20 8
61 97
24 46
70 92
25 90
72 61
25 47
36 43
50 7
94 43
18 94
51 63
7 32
59 48
74 24
84 3
99 93
90 44
26
11 87
11 64
87 72
48 9
44 29
30 55
48 38
8 23
26 62
68 39
49 73
98 44
79 51
2 42
84 74
60 27
90 94
17 22
31 28
56 65
19 26
16 38
12 18
31 23
13 37
62 50
9
11 93
71 15
16 53
88 44
55 95
84 33
2 77
59 64
71 18
4
8 36
5 51
25 20
8 35
5
69 84
29 1
16 80
84 51
47 83
23
1 77
13 7
8 29
39 28
98 25
12 75
77 6
77 68
2 54
42 36
5 38
18 95
62 36
71 68
14 96
73 45
51 67
95 37
64 59
35 86
60 13
70 47
14 88
6
68 41
35 34
90 57
74 29
90 77
47 41
17
43 7
73 9
97 93
3 19
4 12
25 38
36 15
3 94
92 1
68 95
29 25
66 76
49 9
98 42
40 42
48 35
95 82
12
92 74
77 90
46 3
79 66
1 60
62 25
16 1
21 9
37 92
57 48
97 98
95 50
30
81 89
70 37
8 76
67 43
71 49
94 21
52 36
88 54
67 76
43 41
13 75
64 34
42 60
8 61
7 91
79 97
33 40
15 100
42 92
41 33
5 65
52 34
39 56
83 92
84 6
32 25
10 96
7 95
7 51
93 15
30
23 11
96 5
19 22
16 87
79 3
7 32
35 13
51 15
97 26
9 8
40 22
31 56
63 86
45 34
78 29
91 10
14 53
74 86
25 84
86 41
24 3
67 44
10 59
84 70
77 7
80 45
100 16
54 62
47 62
90 98
25
81 7
72 29
54 18
42 7
44 95
18 45
63 87
97 28
12 32
9 55
86 56
55 76
29 47
94 69
10 78
36 70
98 42
60 7
13 51
97 1
97 56
95 67
94 60
91 43
49 57
7
34 64
19 27
7 80
25 39
48 37
72 46
43 90
7
46 1
1 43
51 42
60 50
61 45
39 54
10 3
19
26 6
84 20
51 44
34 90
78 28
73 33
22 50
80 68
13 22
75 22
24 6
18 76
88 20
58 71
32 42
47 44
15 57
52 30
72 18
17
49 45
17 70
43 98
29 36
48 17
43 3
26 6
23 70
57 46
55 45
28 98
97 99
65 37
40 26
49 82
26 77
98 98
23
40 47
76 30
30 8
50 30
55 87
61 19
27 52
7 5
84 77
73 57
21 72
12 50
99 3
80 40
89 96
94 74
4 80
88 21
50 85
71 89
60 57
8 31
87 86
6
70 14
86 22
95 94
5 88
86 97
76 96
13
2 84
63 26
99 57
41 2
91 100
56 11
41 50
87 16
81 27
48 53
90 55
49 41
97 77
13
44 62
46 24
25 27
42 24
22 81
21 43
85 21
29 31
23 86
25 44
76 1
49 77
66 82
13
43 30
26 38
81 56
2 2
26 60
1 25
98 7
79 95
32 18
46 62
84 17
41 41
69 85
25
50 85
25 35
29 32
9 14
95 36
37 10
36 6
58 13
10 94
24 4
35 80
25 85
69 52
44 18
38 5
89 65
51 87
70 65
79 79
66 79
88 25
30 55
67 75
20 39
42 77
16
77 56
32 28
48 80
75 1
38 4
44 39
41 77
46 9
87 71
37 76
16 63
92 91
57 90
62 82
23 85
92 5
7
76 84
84 82
9 28
66 39
83 99
40 94
91 91
10
67 29
91 98
88 82
23 34
15 97
33 84
40 89
92 25
52 24
59 25
31
97 33
32 96
89 79
21 23
32 80
98 49
91 82
69 31
53 24
90 17
50 89
28 31
74 26
77 51
9 98
31 55
3 58
36 14
36 91
22 57
57 19
100 71
1 48
23 21
37 6
94 65
95 86
63 21
24 68
65 39
46 84
15
48 41
77 60
95 90
64 85
41 66
65 34
87 88
11 85
74 92
85 27
73 59
74 57
80 40
56 12
9 16
27
8 56
84 14
61 50
13 68
61 26
42 98
84 48
10 79
52 75
11 36
60 62
35 68
99 51
7 99
59 14
22 61
26 19
68 57
25 38
15 32
29 37
84 57
87 13
87 46
33 38
51 98
17 93
14
15 43
1 88
46 81
2 13
91 16
83 10
86 28
43 66
95 22
58 99
37 7
45 3
87 74
76 42
15
65 10
25 74
26 52
50 57
10 39
29 65
100 19
5 56
98 65
59 26
83 48
84 17
62 37
24 9
37 55
14
1 65
41 79
5 53
2 97
6 43
23 18
17 76
80 78
28 34
44 58
92 27
11 61
74 29
4 71
28
57 7
8 44
36 36
92 12
13 84
41 34
8 82
51 17
48 37
64 84
27 5
97 43
5 39
12 77
80 75
34 92
35 88
75 93
4 23
6 66
51 68
49 47
63 58
95 99
34 62
67 10
52 61
51 15
16
63 91
22 83
68 54
40 9
84 60
63 62
20 49
100 30
30 66
80 9
3 81
14 41
59 65
16 26
77 25
15 24
23
36 58
25 44
35 45
80 84
98 49
68 28
79 79
8 85
16 88
42 40
54 8
19 6
74 31
59 43
10 97
6 49
44 45
41 30
65 79
79 72
100 62
40 98
82 30
27
49 17
59 39
44 56
26 64
89 26
85 69
78 37
42 33
29 74
67 23
87 59
37 38
89 100
91 34
67 19
35 90
80 67
74 45
61 23
100 100
68 49
86 84
69 97
70 27
50 97
7 36
26 88
27
14 40
30 28
46 32
67 71
50 64
37 63
23 24
24 36
55 72
57 7
27 3
73 35
36 75
81 60
85 76
15 75
54 99
30 44
15 51
14 48
11 16
40 51
38 33
56 63
21 45
47 12
99 48
15
34 74
7 31
15 9
75 81
35 65
95 19
85 85
51 94
4 100
91 1
90 89
44 53
26 34
81 8
6 25
15
91 98
4 33
48 52
26 37
23 64
58 96
80 59
9 4
59 32
22 9
51 47
43 27
52 84
16 50
7 76
27
97 25
81 51
50 48
74 17
39 14
23 69
1 97
58 26
85 84
57 66
68 83
25 83
86 52
19 26
84 13
38 37
40 81
80 18
86 89
54 5
74 24
72 77
54 26
9 29
47 90
25 17
100 14
21
85 17
88 27
10 50
87 76
15 42
22 56
41 56
9 26
51 16
39 37
43 28
88 68
66 32
56 5
56 31
100 57
35 92
41 87
62 96
38 27
34 77
15
26 84
92 88
39 41
80 81
75 18
6 99
16 6
14 62
17 98
97 22
56 8
49 83
45 3
40 27
61 21
14
86 56
99 90
80 79
10 79
53 97
54 60
27 11
76 15
31 24
21 97
4 39
87 3
47 6
98 13
23
99 25
63 74
73 40
19 41
2 3
8 16
69 61
87 18
45 84
14 62
82 41
96 4
90 85
83 1
50 55
31 54
79 1
40 93
85 51
6 59
26 38
50 13
82 94
16
26 29
95 50
31 18
13 98
40 67
50 65
67 94
76 55
33 67
6 21
57 84
41 16
41 95
44 5
38 35
15 32
27
9 81
63 32
96 7
46 30
31 60
78 91
18 85
17 44
2 38
95 52
92 17
10 41
84 48
85 96
10 67
99 99
30 19
77 62
43 25
37 74
16 73
9 14
10 85
23 25
29 11
79 69
9 72
28
44 20
56 83
45 63
61 55
36 15
91 74
16 13
49 16
31 40
100 14
75 15
89 77
5 85
16 9
69 28
47 55
90 13
75 55
9 34
48 87
61 44
56 90
5 28
20 56
22 87
53 71
47 96
33 42
11
48 2
71 31
29 54
43 35
61 83
43 76
75 47
59 87
94 64
68 39
10 2
10
80 23
18 59
100 79
81 50
49 53
23 63
44 55
97 57
17 26
21 25
20
59 99
15 74
64 52
5 82
88 73
5 27
97 46
97 35
67 98
47 49
24 30
73 1
49 80
49 50
22 25
24 16
41 80
32 38
71 5
29 36
26
85 15
11 7
3 19
86 8
6 4
27 67
91 58
59 58
58 40
14 83
58 73
14 93
76 47
18 70
98 64
78 79
86 35
53 40
47 88
43 90
56 5
62 21
31 46
38 20
55 88
13 51
12
78 43
19 59
76 47
96 82
11 6
91 30
35 50
48 79
73 24
80 52
66 94
24 25
1
63 62
19
75 12
7 3
61 52
98 25
58 88
93 46
75 68
17 84
14 9
85 64
68 38
31 64
40 33
69 6
69 54
17 12
14 95
47 23
99 26
28
56 65
57 41
68 75
43 92
57 28
12 7
26 47
77 27
67 58
78 35
55 20
36 89
54 49
95 11
9 79
43 43
35 17
91 52
95 54
82 34
92 4
50 45
24 17
26 78
12 90
61 3
44 66
67 48
13
13 58
19 76
70 55
42 35
77 21
68 95
28 10
53 71
72 25
48 21
46 49
13 89
49 1
30
48 96
92 96
9 58
76 19
89 15
56 10
86 61
28 3
30 48
52 50
21 54
53 73
70 22
34 41
41 22
17 15
11 89
46 61
79 71
85 21
82 67
28 93
95 19
18 7
57 76
82 70
94 77
98 34
75 63
37 83
3
5 98
60 3
100 65
26
20 44
10 66
58 53
72 89
96 4
80 41
10 52
80 61
94 3
18 30
12 20
35 6
10 61
72 89
89 75
18 53
19 60
13 79
20 28
84 36
76 15
18 63
75 86
40 49
78 20
40 9
26
26 14
24 54
26 14
2 50
19 78
48 62
26 49
68 76
11 61
36 34
3 73
99 21
13 52
81 18
9 21
87 74
28 34
100 62
11 5
34 53
66 81
29 82
9 91
51 49
82 19
43 87
5
93 59
23 36
68 62
71 96
82 42
24
43 21
77 55
8 5
37 10
43 25
16 17
65 3
73 18
56 47
31 67
59 15
89 18
37 21
43 84
17 30
50 98
5 11
15 78
88 64
88 3
20 82
37 3
21 84
82 61
24
64 80
38 42
83 81
70 10
4 66
35 99
49 2
6 45
12 26
65 21
8 14
33 99
87 63
35 69
50 99
78 62
56 14
46 68
77 38
55 15
66 81
34 89
34 14
91 91
1
8 11
18
58 70
32 95
63 96
94 18
80 64
77 72
39 87
76 75
41 67
99 30
71 6
71 84
74 56
52 14
73 36
6 13
7 30
25 89
13
70 59
90 37
65 41
31 76
51 39
80 50
48 32
2 37
8 32
57 9
60 21
93 93
50 25
26
90 83
4 50
19 100
89 92
56 12
42 16
66 47
26 91
91 98
51 62
21 74
30 60
71 41
33 74
75 47
30 58
7 17
16 33
76 26
37 57
72 31
77 30
73 38
87 54
68 15
88 89
12
69 100
23 81
65 43
69 69
98 23
29 85
53 82
57 6
42 61
32 88
16 24
48 21
2
62 59
48 89
13
47 76
8 17
11 69
90 73
95 80
16 87
69 75
81 20
80 25
64 74
97 12
84 80
1 44
15
89 57
5 90
88 16
24 74
84 9
98 48
42 15
83 84
52 16
48 2
34 29
92 22
70 45
80 23
23 14
26
63 22
27 63
51 31
6 100
35 59
8 53
46 2
84 91
95 13
61 85
18 75
18 82
51 14
94 41
15 16
38 67
30 30
60 16
67 32
90 65
69 1
2 49
91 14
26 37
22 85
11 86
3
29 67
70 57
2 21
1
68 35
30
49 16
27 37
3 80
21 91
11 56
9 69
60 24
2 46
19 96
7 39
6 61
69 87
7 27
11 70
90 93
9 85
73 38
70 35
78 28
35 90
59 40
64 43
40 70
65 17
55 10
71 23
9 12
38 39
61 67
12 1
18
72 37
61 39
8 58
87 88
74 50
60 27
42 69
8 29
45 58
12 18
40 20
80 76
13 78
38 99
10 65
1 39
30 81
38 14
9
25 1
27 38
97 3
44 95
2 77
74 1
64 71
10 45
24 39
8
22 4
20 77
68 83
63 73
86 49
37 53
29 38
64 75
7
58 23
52 74
26 12
82 77
21 41
32 92
31 44
15
59 18
100 6
78 78
26 63
67 15
53 63
89 95
77 16
74 63
14 50
27 85
18 90
62 67
50 9
91 6
12
50 23
74 42
71 79
5 88
54 86
38 19
7 100
76 5
78 21
35 77
3 14
32 76
14
92 38
95 71
7 83
84 69
42 100
70 62
18 82
35 7
44 36
94 87
62 49
78 15
1 91
45 44
20
66 27
70 17
11 89
95 4
39 31
73 46
67 53
70 6
40 74
69 58
51 78
92 69
99 17
69 82
26 42
20 97
13 44
32 89
93 76
6 78
15
30 23
89 83
5 35
27 62
83 62
64 4
95 51
49 33
1 28
54 42
61 97
62 97
28 50
94 37
94 5
24
24 79
67 11
67 10
88 81
63 80
43 92
38 13
62 27
28 18
71 3
16 76
37 19
98 17
62 25
71 54
32 37
99 46
55 98
30 65
44 95
86 92
57 39
65 75
92 70
20
14 24
39 20
8 32
81 55
16 85
55 34
65 5
55 52
58 15
44 20
15 52
89 88
44 5
70 64
7 13
36 13
84 73
4 27
81 92
76 37
13
82 70
87 5
59 33
42 1
96 30
45 94
82 35
30 1
70 97
56 42
30 35
18 28
83 8
9
19 88
88 88
21 89
75 92
3 5
47 27
74 32
28 40
73 9
21
70 38
32 50
84 77
4 13
20 54
66 86
5 59
99 54
74 45
71 90
92 79
25 97
22 76
3 16
88 30
20 31
33 9
85 3
67 68
21 88
26 38
7
82 96
94 92
65 26
96 36
79 43
19 44
65 54
6
47 9
91 74
82 18
20 23
43 19
58 86
23
83 23
70 1
44 64
89 16
3 9
3 36
79 33
39 22
7 96
42 47
89 80
14 59
30 64
6 32
89 67
41 20
21 24
87 62
77 16
24 28
15 31
64 79
100 94
10
58 41
34 100
88 90
3 44
73 51
56 34
74 91
31 76
48 97
36 92
27
63 21
51 39
17 29
74 14
67 68
25 14
47 66
54 14
68 90
14 56
12 53
27 56
86 39
38 75
10 30
2 100
90 24
53 52
18 6
73 26
40 84
50 50
15 38
80 55
62 35
87 93
1 73
25
38 63
100 88
49 67
20 100
89 73
25 72
41 47
71 2
41 24
25 72
87 31
10 31
93 21
59 54
54 17
80 72
11 92
10 79
30 59
83 30
53 71
69 59
61 93
68 39
11 53
5
49 83
92 27
19 21
79 98
51 88
6
94 19
49 64
75 4
85 79
1 57
16 89
29
76 33
52 59
21 28
63 96
75 21
93 54
51 93
32 24
25 54
47 50
99 41
15 2
38 29
81 71
38 26
58 1
11 65
93 62
57 84
4 55
60 31
76 97
20 63
16 59
9 96
36 14
16 59
87 50
73 53
15
10 31
40 19
29 75
19 1
10 12
68 25
36 92
67 64
35 98
65 26
86 82
18 79
94 44
82 19
91 98
24
53 80
20 18
98 27
97 72
81 10
29 73
8 73
91 44
78 6
70 16
53 11
28 48
93 48
29 99
41 43
22 28
97 93
71 93
65 95
56 19
91 45
17 84
27 99
4 8
32
25 75
28 66
46 25
17 27
56 44
36 11
33 35
32 29
51 25
89 78
33 70
60 34
2 68
46 58
13 9
36 1
18 38
14 15
41 63
58 82
93 48
83 94
74 77
1 66
43 24
93 42
27 75
94 53
62 28
89 39
39 75
64 76
24
77 90
82 23
80 58
50 30
12 25
98 26
79 29
71 22
66 72
98 97
90 70
32 77
17 28
18 6
21 92
81 77
99 97
6 63
44 79
55 8
33 7
35 53
26 63
34 5
15
83 53
42 13
44 60
76 21
90 1
21 68
100 66
65 69
74 14
9 95
1 81
66 15
49 5
30 80
66 5
1
48 9
21
7 2
22 32
32 83
2 63
81 4
24 53
19 97
91 49
82 27
42 91
48 47
78 42
99 77
1 43
91 7
61 89
20 97
31 34
97 3
58 84
89 77
29
7 73
15 30
11 85
78 57
4 9
86 72
70 33
85 81
71 28
40 74
45 19
2 74
70 48
57 85
25 98
22 38
19 31
68 88
96 29
89 45
16 100
84 74
6 37
17 20
45 76
95 56
29 90
89 48
32 50
5
57 47
20 34
52 39
58 7
3 32
3
54 20
46 70
7 89
23
23 8
53 27
73 30
59 42
82 20
3 8
7 26
12 11
2 78
37 63
95 59
61 39
44 14
59 31
89 32
39 10
88 63
92 43
84 60
31 50
10 17
95 33
96 68
22
97 97
33 20
14 55
68 71
66 80
90 50
38 49
40 99
38 100
91 82
18 49
79 93
54 34
80 64
59 73
69 85
5 7
13 2
24 70
49 80
81 42
90 39
14
29 89
27 69
12 63
80 75
6 56
61 65
45 69
79 33
53 81
85 85
97 6
30 55
55 29
9 23
17
79 12
93 34
60 99
62 55
86 86
91 17
77 2
46 11
89 61
66 79
63 25
74 71
52 69
76 2
62 74
38 20
53 92
30
64 43
4 36
73 50
92 21
49 74
72 3
43 62
79 50
64 68
93 1
53 85
60 94
7 78
15 79
84 51
93 96
83 47
48 48
20 7
81 92
94 21
82 4
5 88
7 12
12 20
4 99
44 64
94 15
46 3
53 60
9
97 8
42 27
27 96
16 49
81 18
63 36
69 84
40 50
57 80
15
7 43
59 63
29 51
53 52
11 74
2 57
5 70
12 81
7 100
15 60
92 24
86 2
70 27
66 87
95 1
12
2 44
2 38
19 52
4 5
67 92
46 12
16 37
100 26
32 15
82 59
2 7
44 83
12
30 5
5 45
20 25
78 100
53 58
28 29
84 57
24 19
64 95
10 12
11 41
24 76
13
30 57
40 22
49 25
55 44
100 93
12 31
8 100
52 21
48 88
71 61
36 19
34 17
78 47
23
53 57
77 98
80 62
1 98
98 56
10 96
47 42
5 92
51 98
2 78
25 38
8 62
97 95
29 76
53 43
51 3
52 6
67 27
76 83
39 19
66 25
66 100
44 12
2
94 62
63 47
4
24 24
70 91
67 72
66 98
23
16 52
56 76
94 94
21 90
80 64
81 45
62 80
23 45
6 83
82 68
99 68
43 57
26 42
8 14
31 24
27 78
6 46
91 82
72 51
67 11
55 51
82 47
91 68
32
48 50
31 24
74 67
9 87
65 15
74 74
4 88
14 4
9 1
91 48
19 11
77 53
7 21
55 76
66 26
76 10
85 66
32 58
97 11
25 41
66 61
100 51
54 70
22 13
12 14
24 65
17 82
3 53
28 76
1 9
70 45
10 28
31
42 86
82 17
41 34
99 94
93 43
48 20
42 57
69 61
37 58
74 50
4 41
68 49
50 12
82 12
74 77
14 88
4 15
48 47
40 44
39 98
18 32
89 86
99 11
68 9
58 35
27 41
90 62
73 94
57 91
19 54
93 30
25
96 96
95 31
71 92
30 93
62 54
94 67
65 72
39 2
60 51
77 31
72 73
97 70
79 14
33 3
95 60
8 17
47 91
82 2
46 69
75 11
77 7
78 68
70 42
44 68
51 81
5
22 53
49 42
72 88
20 51
98 32
24
88 39
92 86
7 69
31 38
44 81
48 7
100 74
93 69
49 44
16 43
17 53
54 57
29 4
75 56
53 12
50 62
99 40
60 93
30 5
85 90
49 26
99 85
53 48
43 43
6
58 86
54 6
11 67
47 57
83 19
23 58
20
15 59
51 94
51 74
64 81
6 35
19 12
11 56
98 72
77 6
63 35
88 82
45 81
27 96
78 15
37 36
46 25
19 51
25 97
29 69
55 40
14
74 3
65 93
90 97
73 70
33 77
64 6
2 65
92 12
41 16
53 79
25 66
36 3
79 73
1 56
18
38 10
35 72
37 30
71 31
55 6
90 47
63 13
14 7
50 26
66 30
34 28
52 83
70 88
67 24
76 25
35 88
60 65
94 69
32
17 52
58 5
47 15
29 70
36 53
2 54
72 17
50 29
33 6
76 89
7 8
36 100
34 95
6 100
46 55
58 53
9 14
28 15
37 55
59 57
10 72
40 60
41 33
39 89
29 25
84 14
13 36
30 19
71 99
53 35
39 16
81 10
0
