100
2035415231 1462621774
1545574401 1640829072
2057229440 1467906174
1081734409 696251185
793988541 133513287
694948272 1047026220
700559794 1147657876
1388555359 1794768220
1297357647 936785271
1457616687 1614991901
1356558998 802008085
1257599983 1301470168
316770896 560794664
1657777674 340228549
47363255 1978022124
1676487239 2082778486
1293160250 1074577993
1576123910 1202906043
395000519 510374672
1899157228 1188989060
643887959 446621853
88531632 1344447753
1594279729 1477086992
991732325 744153729
266388615 301865364
211661982 1622947613
1103873449 1469261966
776934133 1420644345
2030056630 287228160
1760872894 2077419885
117766636 1289876486
2012714723 1410926886
216970831 1441354986
466349281 611971350
1951729658 218022862
1800960410 448133969
664644715 1889492042
1792581722 111440796
1219095386 636830399
855594525 1485484002
938695763 1067256508
960947967 2042569213
389034826 1737882101
1315729910 271607808
2025110261 929119157
201544045 2142876897
71511995 66775120
1406320135 288482826
1508130106 1872669417
900454176 1312376116
2090692279 553930938
1760510085 607853346
295939332 1405608159
719294142 1515034719
2042438558 1574888668
853035073 833650674
494661528 1813983040
728736239 883696354
1404381493 2044466149
1155304162 1282008106
826101658 1356848207
1277401355 897613653
1423623327 536237843
1186096479 784269786
261423612 2086550655
2096645902 204632243
492997945 1709672340
812485589 788937278
967796851 1531779731
156488349 862751762
959184751 1009523422
1696402436 1453846279
676022814 277655027
190058985 2080404308
174637528 1345363147
1214928766 1000739187
554727706 344846474
1898352840 1978351034
881084317 936965672
615137172 1142507929
876032679 564299426
1347140172 1369030625
126488118 12142113
10484255 1094284970
1543921844 166972604
1957036732 355622948
1176496026 1505955520
1809469227 1852518840
1783610547 1999528213
1785439500 1958248075
1197407712 852884619
811503614 1752135419
1197731093 562372807
1583002805 2078815410
1499338479 50656329
1073839691 227887510
614955755 273496215
1596918135 741443874
285638328 1607402390
1835728844 1829560172
