100
63 21
62 28
99 66
97 96
73 52
17 38
69 37
25 48
65 65
77 34
56 18
73 92
41 66
95 68
36 83
70 46
41 99
30 31
93 5
23 26
65 66
2 41
55 100
30 94
94 86
3 6
64 49
15 76
10 4
87 76
89 46
10 22
53 29
0 7
100 45
77 24
31 30
96 45
38 86
72 25
98 31
47 41
84 61
31 28
3 94
5 84
5 92
87 15
89 58
70 88
11 89
85 46
92 42
94 81
72 96
94 31
73 70
97 40
68 56
49 28
11 71
63 54
35 84
7 49
36 91
79 77
90 13
55 63
9 81
76 15
46 82
51 69
75 85
40 47
41 42
13 55
75 19
69 42
57 10
67 76
53 60
39 45
74 8
89 95
76 84
31 30
66 21
73 82
95 40
49 12
34 2
88 28
70 8
85 56
31 93
18 51
62 50
58 58
18 2
52 12
