1000
80109991 8012
19321804 13072
45546398 1532
76919004 7149
54383375 15231
3395285 11774
37465781 2886
11845573 6364
55631126 15725
82644157 5130
39538544 14122
22630406 12414
91646891 7712
42775998 14516
32051092 12233
65633618 10715
58844148 5629
40272615 9222
15707097 15817
34004227 2195
75903065 8834
68785975 15516
91261777 4550
71919010 4368
1620161 12079
75166378 1359
51214326 5590
35193634 2229
8405343 15751
48594697 10793
86241614 9096
12683145 12442
18511613 14342
53487667 1800
14289110 12848
2390286 10144
67801606 328
93995489 8654
17802094 12298
13960506 8526
53757090 15173
81076769 9507
25167034 7843
52995212 5735
95703030 896
87566552 6538
29600195 7601
53465982 5453
68176532 2243
42281354 512
73468385 5815
91319658 8454
32893369 8445
28941851 13733
1373449 9046
92375217 651
42904808 8499
84973544 2394
83601788 5314
59268216 7236
25105920 15574
38213270 6142
41429050 9303
68241947 5527
95615319 12137
80809407 14941
2880549 5720
35532317 5011
75343341 14380
46966420 5757
92069927 8136
11901676 276
46983206 15806
33415439 15248
36802 233
14683485 8298
79978137 15286
78052431 1465
81749913 9001
4626371 15079
59441941 8878
25598934 12999
86557894 5616
25878815 12653
28437448 15413
86259441 3473
80792969 1718
9964009 14457
75127995 2090
19233560 16044
81405286 978
97219407 1191
86392980 2909
58530627 9713
13316240 9119
42895915 13889
49455462 3019
39209701 3778
81678753 8283
885742 2915
35517730 4296
69697897 6854
73434797 3901
67972353 2739
4423607 15111
81723032 10794
74595901 2482
73444337 4975
33793259 12074
5703729 11382
59339858 3666
76318601 9447
77009850 5716
89826187 15311
66897742 15065
38161986 13256
23551977 8359
81998131 14675
74956441 13888
83196233 6249
49296313 10871
84077634 11216
6038036 2101
36539941 3788
38357338 1042
12416185 10729
70782398 10678
11955020 15328
61492542 7604
31062879 3622
77640938 15212
98982650 9280
82543660 4298
33850134 7651
36714181 12600
33103435 6032
44663378 3808
92980718 4660
23110722 12310
39491000 11917
95376862 10515
10998053 2430
8187913 8189
77350727 10843
20919213 1767
28186098 7798
55876710 4204
53519791 16108
76487796 3264
4645739 7352
66876024 5360
61255297 15578
88250200 12219
48112425 12103
66338803 6908
1669265 12717
49268350 2706
51740535 5329
78784314 4297
56623492 5620
25893081 1183
88856180 14313
19099214 9313
47079164 4805
60867149 12702
50246605 5626
92343281 10959
47259900 3922
75032001 12413
95532020 13365
73249740 5995
38083830 10812
12953463 13369
15974129 4482
6389075 14561
43651168 5796
18742269 11873
89211083 802
9289170 259
5325452 8738
88553235 7909
1104891 10222
63996987 6322
81026621 6699
12188107 5208
14060722 478
54514199 4690
59442231 8300
95128549 692
18554966 9509
49140039 12311
54405550 8685
82698372 12285
50550830 8493
98110608 14545
5588643 13175
73065375 8431
21739453 8987
52660296 10713
17856219 13777
20192314 2584
89211204 12285
82855719 14966
8251714 13837
97683064 1741
4834694 8341
6004602 2993
32841912 2642
48328906 15211
41235292 12429
28817788 3283
69160430 14029
95618075 16075
37908191 14411
64664091 12303
69888385 13998
96345044 480
18842822 16130
90487260 6091
64362502 5014
35616562 3452
28388459 5794
33573833 244
14917082 6078
90665778 3710
57742562 14196
32064873 13178
3454005 4073
10837941 13256
58144356 6750
86918248 7526
28578780 12208
63005373 11179
44565334 13357
24619621 8738
41539090 16087
83701698 9166
70902700 13197
97890797 15211
14733063 13364
99672350 413
87743704 14266
42279286 5993
83184325 8714
89884111 15780
33444435 4460
16717330 15305
24662824 7830
81058700 8071
35422552 9217
33277314 13108
9549314 2910
10955295 3954
69846668 12379
71554710 7722
6056383 967
27855184 14557
87739936 10655
682726 8587
64148984 9711
85621897 1348
50782800 3939
90428289 14731
60849887 1351
87468011 14775
28508953 8461
58494106 12522
60103870 6006
61286862 6194
68426076 6585
93172685 11545
85952655 14821
75297681 13697
22778497 5354
6298500 12334
8027754 4711
70446452 10394
69331721 2694
50264343 11354
34862854 11139
99070595 11452
58536982 12848
35554133 14367
7633993 2761
87676617 12829
70223533 4687
58769789 12027
36725257 11851
29725793 13845
45682813 2610
77510156 11615
43050947 16237
41313787 5721
90969082 13489
71499482 15903
76929601 14428
9947761 3794
90134171 5920
85638008 10982
51804187 15039
47820247 5581
55450472 11581
41550872 7143
81956629 14652
62618405 5533
60000501 609
38578315 8010
24136752 11397
16974207 2861
69785704 6013
50070643 5861
19790257 6119
53653933 10463
58766171 14247
14211838 9589
57936328 11585
31612609 1658
93998056 885
98831926 318
39555750 701
51634507 10371
67952205 7802
28673008 13087
61591819 4573
62009520 8279
78737752 16376
44027916 7567
33047535 13215
31184843 4276
10851329 8665
95141537 10297
41573981 7190
78868502 7678
30126940 15346
47757621 1009
93764518 13194
3642092 13633
3712202 993
13937995 16235
97226874 2073
51058251 5349
52982648 5950
81468220 9093
46884801 683
62269353 12375
27798677 10574
46817441 15630
68710167 391
71884337 10745
4166069 3401
76995475 3669
72927540 5135
42714778 11053
51833740 6232
60971298 4336
37180205 882
12103191 6372
40871997 2885
60102290 417
94449292 3346
11619428 13933
41692471 828
15388849 5729
55635103 6854
7067544 15536
39044678 16079
23639730 667
51240527 8889
35559299 4293
44216989 6366
12609565 11452
57202922 3232
33012173 13169
40469558 5335
58744250 11254
70628114 9682
58006502 15700
45680408 277
33314535 1817
75095285 14649
66104597 13612
25011457 15039
64697330 4250
69668808 5523
95988981 14785
34697680 4228
75824319 6970
24338157 1381
4821665 9550
65392583 9809
68492710 2628
97813257 9768
49127979 11683
53961890 15699
44028906 8192
7434259 5884
16810415 6524
74013039 4171
19356022 12838
14381946 9194
55105076 1447
43835545 1041
70362114 10905
41762386 7777
34293275 8447
14456895 2148
89414160 10467
46388145 1145
86968490 7176
32651174 8936
93733023 11124
60412461 9660
77563977 6383
89350601 5208
17619976 7629
35446439 14890
16016536 2738
81798253 16193
18178358 14510
62113750 1014
56285171 4855
3122879 12435
84136752 15320
51281736 6133
1224062 14413
8036710 9121
36400364 3650
97582851 7373
65121932 1607
97712693 12229
87618735 8968
90744957 11877
55752596 502
92203383 10028
51962713 14216
64625657 15269
97009105 5176
4224697 2685
31660593 13996
26341233 13230
4755440 11850
18360825 977
97862878 2029
6955302 5821
58965693 13185
66528786 9624
23602756 10770
28357730 14743
52030688 8600
57448010 1650
64944770 7982
98295960 14406
60013929 1401
10768775 13396
10931401 8020
45586165 15753
15405461 5480
67720137 15455
80927109 16220
85517326 10974
69340208 6573
83456132 13087
53438402 4037
3807983 14899
86565499 16253
91318 1112
78545723 10529
1232197 6360
2497442 2715
75676386 10235
56788450 11170
31798417 1269
99689048 10789
38458310 3831
52498451 4191
40491257 9716
57745934 3496
76278748 10759
35269629 11864
16012337 12582
26036435 6028
2912769 7708
52205033 1144
8141270 775
42271941 4217
96278203 6083
1153073 13541
88874096 6408
56049585 9679
74653751 8434
92221250 7286
71837725 16162
36573498 3060
1875676 6217
96980983 12316
7117684 1475
88234214 5691
91264392 1714
74700809 7374
67414248 800
25111493 1506
14973772 4392
20096736 2612
23317886 11001
37952321 3697
24040285 10068
45833251 5362
51945330 4262
180646 532
39755702 205
55906289 11852
89524256 10391
17591746 14140
4020443 9454
23572939 10498
23815695 11061
17019698 4803
88714451 12638
39800543 15037
53948932 3181
75554796 9784
63709795 10289
79678478 1092
83454237 1400
85101734 6760
24505298 11939
67842957 7745
11002872 3766
24514398 5865
44206644 808
92106883 12232
56409382 5849
95231865 7948
22089528 14872
17450110 4989
92295159 11242
33933161 2291
43319952 10795
47471079 8166
68007877 2072
23034553 15327
86122426 9507
46484679 10156
96137174 15053
96280958 3874
42594281 13425
47942948 15330
53182555 8552
22970437 5068
3016854 9282
10410233 179
75414574 6946
27605016 2484
51007098 13034
88512635 13916
53348697 14647
9398367 5767
20133404 9885
32344541 4936
78535369 2739
76200867 4735
19670058 13850
74525043 10159
55770050 5865
97455012 5515
77553869 7810
84577657 11077
49403105 3102
2325859 7109
66110948 15381
6505409 2281
14153664 385
91015584 3810
65344725 6746
2533264 9633
37788783 12071
50986364 8193
50281387 3860
59319278 18
61014133 7282
76210096 14565
87512471 12745
20559899 7338
10997827 9523
20647304 5838
73138346 6012
19990551 3324
37999338 7542
15368286 5910
78474270 7701
61245684 13059
51029775 15448
21717585 12822
95651195 3159
69946849 13215
79825796 15461
86220430 5824
47592122 8571
72009183 12461
82104359 2743
64634032 11170
19733878 4951
19740144 4477
95248545 7289
52048886 12397
78588550 2146
54865705 11493
90336399 13682
23068680 13368
18964547 14097
38719919 5121
33326413 5788
99562370 4323
18209811 16140
84925154 14832
56789271 7340
5721028 15468
40080457 7812
75130758 9377
25393983 7901
68695071 5388
29208058 13779
26916432 4558
15640442 3598
43336630 15048
47868762 7624
34607354 13286
93165470 10801
4486204 179
10672020 12310
12019136 5108
88941491 5044
35872364 1945
16160138 7081
3319982 8275
13610953 11540
46811818 12479
9481119 8468
10975020 11931
21294614 8865
21881105 6758
23384001 7077
77751984 10532
39226140 10597
87062253 9861
4275143 13724
22850519 2613
74948561 8674
44864497 687
7331834 15219
60919274 9700
95495554 2087
60399049 4273
77978855 4858
6788897 3226
67677665 2809
85344542 13986
17967457 9216
93516163 13063
9460204 6865
41220106 5318
73106867 5661
16260340 4007
73731799 14548
50359922 3923
86697992 2110
91136834 1967
36323876 6024
28200205 8423
37396478 10592
71787836 1475
3629675 15443
47936972 11677
63904316 12264
19935432 4587
41046618 12692
30480585 15131
50877780 7105
75937695 2178
42586467 3338
40555011 13032
76186120 13983
70660065 10021
78642486 1104
79155732 14843
88014571 4853
89504210 12967
56045410 5530
77245632 10788
99716794 9957
36134815 3552
91551748 1260
46349639 6245
56166774 12100
58323628 6820
58415642 7317
34136630 8269
63197667 15469
9725746 353
90922318 1253
58006068 3010
82196082 7339
51603497 7965
83383934 6177
40130188 12373
75954822 877
15283657 2118
7187364 5812
44207160 12847
27731823 11986
2453769 3899
45233162 732
17427807 11407
68285180 4964
40238491 9266
19416721 6124
96939281 4730
14203297 15967
40931059 15363
36039769 2397
88707437 5766
50060578 7176
64464848 9030
49202111 10497
95872569 4486
58062712 9956
4874241 5940
62278444 15834
34797280 5875
52704043 9229
15129480 6382
10988789 12053
3292123 11996
34901848 3297
95324393 7301
65658047 2337
35125095 2209
83765767 338
31779611 2683
41153100 12765
95490401 3313
8913426 7803
77415074 2147
56961826 9658
45439847 385
84543647 10515
99449412 15508
71038930 9788
92223422 11667
94715758 9910
91199749 3292
58278586 15714
25797332 14863
15485888 14693
68363996 5348
30630444 6486
74628669 11527
68411186 5655
6227623 8785
402079 7717
89643409 3345
7540148 647
81051290 3846
84490939 1202
10358503 2480
20277899 2122
18122926 4418
65073932 10075
99377067 5605
23480050 6044
91052048 12652
63476123 1282
13226529 5201
42287921 9349
2632874 11344
41071532 6016
44273126 7128
40991631 8990
10267626 15842
79317976 15863
60306531 5595
17194355 3222
40037634 6949
59729205 15691
69379379 16347
46938620 9690
67850835 6964
83719503 4640
818432 15011
46118058 11428
80613462 9440
95264070 860
35842746 1534
27331359 11983
52741541 16039
87664455 10937
19749506 10656
40077288 8801
80694945 5072
18521836 13686
89690581 2247
74992775 11577
66323083 8646
6179064 16009
55040926 10228
20481104 6685
66253405 1279
91863690 2011
17931889 6650
17424202 10182
51966585 3014
63982941 9096
74987534 14393
48482773 6532
58994168 15439
25988269 11973
77846506 2203
60468827 12641
18192967 5946
7280755 6674
4770746 12736
3048316 1062
51597724 14844
2922297 9076
27333986 1502
8138676 279
86899513 9375
63131367 5273
55941367 7557
88203059 11578
34600173 8921
99566977 1455
37879227 945
589782 1323
56936964 1239
87846802 14578
78124613 15393
10575160 4048
7059906 5244
17873446 16350
36000147 11791
20829183 10943
84028173 2159
4883207 113
95219139 14712
35003739 2917
79853769 9768
52420790 2305
52617622 6261
15904205 3199
43366023 1416
32514523 8738
27053691 11796
96023312 6552
450039 2809
62502458 14288
12122491 9183
97879643 4470
9069261 4746
57729011 7142
43159344 13255
80231233 6142
82424326 2214
37389606 11336
84919609 10367
11301344 9480
49585315 12097
64993425 12987
6321485 15248
7416518 3068
70938942 13917
69635314 7983
50201055 6807
87886498 5529
42220944 3056
12783608 12204
7189477 5910
21165130 13036
68458159 10065
13095063 9822
47818932 14018
96864096 7745
5626377 12561
99815699 13001
37551625 4897
27188158 9617
83357194 9664
13719240 10912
44731832 4010
55618570 29
39535007 15546
44471362 9893
71126373 14096
15185188 15231
70050530 15758
80732870 4729
97373637 9498
32344386 13038
24233071 4866
23353519 1322
22853687 12069
93130797 12032
3578204 14245
83373574 14002
11461245 16088
78202399 15396
79202124 14336
33463025 3454
88166163 658
43278015 13265
15919860 2264
58520618 13053
22508803 453
26684652 7341
67912135 4400
52452203 1540
87742683 13445
16837466 8110
81310440 12143
40657199 14252
8979121 14452
49853480 9821
53339866 7497
52565059 9655
40076009 11439
85142339 2233
43610476 7277
13767957 781
20208528 8137
62370862 3309
94069644 10974
74652551 3700
77896818 2099
52314968 5659
29577957 9269
18003660 6603
28855919 12132
45457954 1040
75663236 5371
585622 4687
95592562 7311
34008351 15157
58854288 4004
72509449 10611
85668271 691
49188592 15949
57157495 13473
50520854 8977
91116739 2962
79933708 11188
33409330 132
52282770 3568
18991252 13993
89683289 8240
87140146 11752
58237160 6411
84474440 12070
15766550 14308
20173187 8296
52506889 6377
27254716 3800
43894770 4856
82940596 16037
24472353 11619
34241231 8055
81171240 15902
89210852 11732
12239429 3964
3774985 4801
79105676 12028
9592364 2099
49307330 14141
96832389 688
79470945 2935
23092937 8995
18506169 9071
80934999 5761
70250966 9650
2968512 176
77140535 9705
61738616 11504
30734974 2006
3741967 3436
60365102 9296
18998229 8514
3267964 7285
83274430 9467
28564960 6637
62535733 12003
26402263 13074
16780254 8616
44418926 1011
93836798 10802
62497530 585
89175616 12837
57356988 2761
1773958 9319
75608768 15137
724945 8983
84842775 10047
