100
17 6
1 10 15 14 4 12 7 2 3 17 16 6 9 13 11 5 8
1 13 7 10 16 2 12 9 5 11 17 14 8 4 3 6 15
14 1 12 11 15 10 6 5 8 4 17 13 16 7 9 3 2
15 3 12 9 13 6 16 17 7 1 11 5 4 8 10 14 2
9 8 5 7 1 12 15 3 10 14 11 2 17 6 13 4 16
12 6 9 11 10 14 1 15 2 7 17 5 16 8 13 3 4
3 1
1 3 2
4 1
1 2 3 4
13 3
3 7 12 13 2 10 5 6 8 11 1 9 4
12 9 1 8 13 3 10 4 2 11 5 7 6
12 6 2 5 1 7 8 3 10 9 13 4 11
3 3
3 2 1
2 3 1
3 2 1
4 4
1 3 2 4
3 4 1 2
2 4 3 1
2 4 3 1
8 4
5 1 2 8 6 7 3 4
7 5 1 3 4 2 6 8
8 1 3 7 2 4 5 6
4 7 5 6 1 2 3 8
32 29
31 9 22 15 3 4 25 14 12 6 8 1 32 5 10 24 7 28 27 23 18 17 21 26 11 13 2 20 29 30 16 19
18 23 28 13 32 29 31 2 16 15 3 20 17 4 24 6 5 21 22 14 8 12 7 26 1 27 11 30 9 19 10 25
30 4 25 7 5 24 11 6 19 15 32 29 20 10 9 3 27 16 14 21 31 28 18 23 13 1 2 17 8 26 22 12
7 26 17 30 5 27 4 3 13 32 24 23 20 11 10 14 1 2 21 8 18 29 31 9 16 25 19 15 22 12 6 28
11 8 21 10 5 19 4 23 17 26 15 14 13 28 27 2 16 31 29 32 18 30 3 9 6 7 20 25 24 12 1 22
8 16 18 20 10 31 21 32 6 19 11 27 29 4 15 24 17 14 22 30 3 12 13 1 25 9 7 23 5 26 2 28
19 23 18 26 1 31 11 28 5 8 20 3 9 29 30 21 22 12 16 25 6 14 2 17 24 15 32 13 10 7 27 4
1 9 30 21 3 27 24 6 32 13 18 12 16 5 7 8 20 28 4 22 29 2 31 23 26 11 25 14 17 15 10 19
29 31 1 24 6 11 20 9 26 32 21 5 28 12 4 30 17 2 14 7 18 13 25 3 27 22 15 8 10 23 19 16
22 2 21 1 32 14 8 26 28 17 4 30 23 7 16 15 18 5 6 13 31 10 29 27 3 9 20 19 24 12 25 11
5 2 24 25 6 4 23 11 16 31 32 29 18 19 21 8 17 22 20 10 28 9 3 13 12 26 1 14 15 27 7 30
2 32 26 30 5 27 7 17 19 28 3 18 9 15 25 11 10 23 31 16 21 20 29 1 22 8 24 6 13 4 12 14
27 23 12 7 19 2 18 30 17 11 25 15 14 9 22 3 29 20 8 31 10 21 4 24 26 28 6 16 13 32 5 1
18 31 5 11 7 32 26 24 2 27 10 6 22 28 25 3 15 30 19 17 8 16 29 21 13 1 4 12 20 23 9 14
14 1 16 8 22 6 32 21 17 28 25 7 9 11 10 20 12 24 13 2 27 3 15 31 29 18 23 19 26 5 30 4
5 10 2 23 4 31 32 6 24 17 30 9 20 25 8 15 13 19 26 3 7 1 18 12 29 27 11 21 22 16 28 14
11 15 21 1 25 24 18 10 14 8 3 13 32 31 20 19 12 28 26 16 2 4 9 5 30 29 27 7 23 6 17 22
19 30 2 10 27 32 5 13 6 16 23 12 4 11 3 25 28 20 8 22 24 1 14 31 26 9 17 18 21 29 15 7
3 2 10 15 12 30 8 25 9 27 1 26 7 28 24 5 16 29 20 6 21 17 18 31 22 23 11 4 14 19 13 32
30 26 25 20 8 4 9 17 5 21 28 24 12 6 32 27 18 23 22 29 13 10 15 14 7 19 11 31 1 3 16 2
3 22 18 23 8 30 26 24 32 17 6 9 15 27 28 21 31 19 1 14 12 4 7 11 5 16 29 25 13 2 10 20
2 19 11 15 31 10 20 26 9 14 32 25 21 16 27 24 8 18 3 17 7 29 12 13 4 5 1 28 30 23 22 6
8 16 21 17 20 9 26 13 19 12 7 32 28 14 29 22 10 1 5 27 25 15 18 4 23 30 3 6 11 24 2 31
16 10 13 6 29 24 21 15 14 28 23 4 2 1 7 30 26 25 32 9 17 20 3 12 11 31 27 5 19 18 22 8
9 17 10 19 24 20 14 2 29 11 31 13 18 27 22 32 21 6 25 4 23 30 12 16 7 8 15 1 26 28 5 3
11 24 3 16 6 23 30 22 1 10 15 12 31 8 5 25 29 9 20 19 4 21 17 18 2 26 28 13 7 27 32 14
18 10 31 17 20 29 28 19 8 21 24 1 12 25 30 9 6 27 22 7 15 32 16 14 13 3 5 4 2 11 26 23
20 3 21 22 28 15 25 24 6 32 17 2 10 29 27 31 1 26 12 30 23 9 11 8 19 13 7 16 5 4 18 14
27 30 9 12 28 5 32 17 2 4 29 10 18 16 6 15 26 20 14 24 3 21 31 7 13 25 19 1 23 8 11 22
25 3
22 16 3 9 11 21 2 18 5 23 13 6 24 1 10 7 19 25 4 17 15 20 8 14 12
21 20 11 1 16 8 7 19 6 15 25 17 14 13 9 4 18 3 24 23 10 2 22 12 5
16 10 9 12 22 15 3 13 2 23 11 7 21 20 18 17 8 24 1 25 5 4 19 6 14
10 4
9 7 2 10 5 3 6 4 1 8
10 4 2 1 7 8 9 3 5 6
7 2 10 3 9 4 6 1 5 8
1 7 5 8 2 10 4 6 3 9
11 6
3 7 8 9 4 10 2 6 5 1 11
6 7 10 4 1 2 5 8 3 9 11
8 1 9 2 3 10 7 5 6 11 4
8 9 4 2 5 1 7 6 10 3 11
6 9 10 1 5 4 2 8 3 7 11
1 9 3 7 10 6 5 8 2 4 11
2 1
1 2
14 11
11 4 6 14 3 7 1 9 5 8 12 2 13 10
4 13 7 14 10 11 3 8 1 2 12 6 5 9
12 13 5 11 9 7 2 6 10 1 4 14 3 8
6 10 12 4 3 11 7 8 5 9 1 2 14 13
3 11 13 1 14 7 5 12 9 4 2 6 10 8
4 7 10 9 13 1 5 6 14 2 8 3 12 11
9 3 4 11 2 8 10 5 14 6 13 7 12 1
7 10 8 3 2 6 11 13 1 14 9 5 4 12
2 12 9 8 5 3 7 11 13 10 6 4 14 1
2 8 13 10 5 1 12 11 7 4 3 9 6 14
5 9 1 6 13 4 12 2 3 11 8 10 14 7
7 5
7 1 4 2 6 5 3
4 7 2 3 6 5 1
7 5 3 1 2 4 6
5 4 2 6 3 7 1
2 7 5 1 6 4 3
23 23
21 13 16 14 8 15 11 9 23 5 4 10 6 1 22 3 17 20 2 7 12 18 19
4 10 2 16 5 20 6 11 12 14 21 18 3 23 9 22 7 17 13 8 19 15 1
3 18 7 17 20 5 11 16 19 14 10 15 23 22 13 2 6 4 21 1 12 9 8
20 3 4 6 9 23 22 8 10 12 14 11 19 21 18 16 15 5 1 7 17 13 2
7 20 8 22 19 2 17 14 4 13 15 9 6 12 5 16 21 3 18 10 11 1 23
14 17 6 8 18 7 20 11 3 10 1 16 13 9 23 4 5 2 21 19 15 12 22
15 1 22 23 10 3 9 11 4 8 13 17 19 5 21 14 12 2 16 7 20 18 6
19 7 9 14 6 18 22 2 20 13 11 15 12 4 3 17 21 5 1 10 16 8 23
13 23 11 2 10 19 5 9 1 22 18 6 17 15 3 8 16 14 12 20 4 21 7
6 9 13 19 14 7 18 15 23 1 3 12 8 22 21 20 16 2 4 10 11 17 5
6 2 4 3 22 16 15 14 19 11 20 7 10 13 21 23 1 5 17 9 8 12 18
20 16 17 8 10 23 5 19 12 2 21 4 18 7 14 3 13 9 1 11 15 6 22
17 1 21 23 14 7 4 12 6 8 10 18 15 19 13 16 20 22 9 2 5 11 3
8 1 20 4 23 6 2 16 3 11 14 9 22 7 10 12 15 18 13 19 5 17 21
6 17 21 3 22 9 12 2 7 19 13 20 15 8 1 11 14 23 5 4 18 16 10
17 22 6 10 9 7 14 2 19 5 12 23 1 4 20 13 15 3 8 16 18 21 11
16 10 19 7 2 15 18 4 3 14 17 23 6 20 1 5 21 8 13 12 11 9 22
19 3 4 23 22 17 8 12 6 13 14 11 5 16 7 20 18 2 9 1 10 21 15
22 17 23 3 8 7 9 6 21 10 4 12 18 1 2 13 15 11 19 16 20 5 14
21 18 11 1 19 12 22 13 17 15 20 8 6 14 9 23 4 7 10 16 2 3 5
16 20 2 10 4 14 13 5 19 15 8 7 3 21 12 1 9 17 22 18 6 23 11
2 22 13 9 4 7 11 23 17 16 21 19 15 10 8 14 5 3 12 6 18 1 20
6 14 5 2 22 3 21 9 13 4 17 8 20 11 23 10 19 12 15 1 16 18 7
23 12
8 5 12 11 2 21 17 4 6 10 9 13 23 14 22 19 15 16 1 3 7 20 18
21 8 11 1 13 19 16 23 18 22 4 15 20 7 6 2 17 10 14 9 3 12 5
18 4 9 23 11 6 16 13 19 21 8 5 7 15 2 10 22 20 3 17 1 12 14
8 23 22 11 14 15 4 21 20 19 18 5 9 16 7 12 13 10 2 3 1 17 6
22 6 20 10 18 15 13 9 11 19 12 1 16 4 14 7 2 5 23 8 21 3 17
18 5 21 20 6 15 22 4 10 2 11 3 1 13 12 14 17 8 16 19 7 9 23
19 17 9 10 4 12 5 15 6 22 11 1 7 3 8 23 18 16 13 14 20 21 2
13 14 5 20 9 7 10 11 12 23 2 22 21 1 4 18 6 3 17 8 16 15 19
22 11 4 8 18 1 21 2 7 5 9 6 13 14 16 17 20 3 12 10 23 15 19
5 2 1 13 9 20 23 21 15 3 4 6 10 7 18 8 16 14 12 11 19 17 22
8 1 14 22 20 12 19 17 11 7 15 10 9 13 6 18 23 16 21 5 3 2 4
15 20 17 23 9 2 3 14 19 18 10 8 7 12 4 11 1 5 13 21 22 16 6
22 3
11 10 12 17 18 16 13 21 22 9 8 3 4 1 5 2 15 20 14 6 7 19
14 9 10 18 13 11 6 19 20 2 5 12 8 3 15 4 7 21 17 16 1 22
16 3 9 1 2 4 10 12 5 21 6 22 7 13 20 15 8 11 19 14 17 18
12 6
11 4 7 1 8 2 12 6 5 10 3 9
7 5 1 10 8 2 12 11 4 9 3 6
3 11 12 8 4 9 7 5 2 10 6 1
11 4 12 7 1 3 6 9 5 2 8 10
1 2 3 10 5 7 12 9 6 8 11 4
9 1 2 7 5 12 3 10 8 11 6 4
9 7
5 6 1 9 4 7 8 2 3
2 1 8 6 5 7 4 3 9
6 4 8 3 5 7 2 9 1
7 2 6 9 3 4 1 5 8
7 8 1 9 6 5 3 2 4
8 4 5 2 1 9 3 6 7
6 3 2 7 8 1 4 5 9
29 20
26 22 28 15 1 19 20 16 6 8 5 18 3 21 13 4 25 27 10 24 9 14 7 17 2 29 11 12 23
11 29 21 23 12 22 1 6 7 20 19 2 13 27 24 5 8 26 16 3 17 4 10 15 18 9 14 28 25
24 28 20 6 11 25 18 29 12 14 10 1 7 8 2 27 17 5 13 23 15 19 9 21 4 22 3 26 16
20 5 17 3 6 24 11 10 4 1 13 15 23 25 28 27 29 9 16 2 21 19 14 18 7 22 26 8 12
29 24 25 19 15 4 3 7 2 13 28 23 21 9 18 10 8 22 26 16 5 27 20 6 14 1 17 11 12
28 27 16 21 15 2 12 29 11 18 5 10 8 19 20 4 22 1 6 23 9 25 14 17 3 13 24 26 7
19 6 22 10 5 9 3 14 15 16 27 17 24 20 26 2 29 25 4 18 13 7 28 1 11 12 8 23 21
12 2 17 28 10 22 21 1 18 26 13 25 29 8 27 16 5 20 14 11 9 24 15 7 23 3 19 4 6
7 9 14 5 11 2 12 6 20 19 13 25 15 21 22 10 3 23 26 18 27 8 29 1 24 4 28 16 17
15 26 29 25 27 18 11 7 10 6 2 1 9 28 22 3 4 8 16 24 5 12 14 13 21 20 17 23 19
16 15 23 8 10 26 22 9 1 27 13 11 12 24 17 5 4 2 18 7 3 20 25 29 28 21 19 14 6
22 24 26 9 20 4 13 21 27 17 2 19 18 11 12 16 1 7 25 8 5 15 23 28 3 6 10 14 29
3 26 19 10 11 13 12 25 14 23 27 17 21 6 8 28 1 7 5 24 18 9 4 29 22 15 2 16 20
9 15 10 24 5 20 26 17 25 27 29 13 19 11 7 1 23 22 12 21 18 6 8 3 2 16 4 14 28
17 15 21 2 27 7 22 5 6 10 28 8 24 9 26 11 25 12 3 4 16 20 14 19 18 29 23 1 13
4 16 10 27 29 19 21 25 2 7 11 1 14 18 22 23 26 8 5 3 24 12 6 17 28 15 20 13 9
4 12 8 24 13 6 5 1 29 25 2 18 15 16 7 23 26 21 17 20 28 22 9 11 27 10 14 19 3
15 24 18 29 17 3 9 8 1 21 5 14 25 23 12 6 20 7 27 10 11 26 19 4 22 2 16 13 28
5 19 20 11 29 4 27 28 1 8 15 6 13 23 24 22 14 2 18 26 10 7 17 9 21 16 3 12 25
4 13 8 11 18 6 19 24 3 22 20 27 2 9 1 26 14 25 10 17 15 5 21 7 28 23 12 16 29
21 9
2 12 7 19 15 14 1 17 20 18 16 4 5 13 10 3 9 6 8 21 11
9 12 15 19 18 10 5 1 7 21 4 3 17 8 14 16 13 20 6 2 11
4 9 11 18 21 10 8 12 15 20 19 7 16 2 1 3 5 13 6 14 17
2 16 18 7 8 12 10 1 20 11 13 5 3 9 21 15 6 17 19 14 4
1 3 15 17 6 12 10 4 19 5 14 20 21 11 18 2 16 9 13 8 7
1 4 2 12 19 17 14 10 20 16 8 6 15 21 11 18 13 9 3 5 7
17 19 9 20 21 13 18 8 12 3 15 7 1 4 11 16 14 2 10 6 5
12 17 16 20 7 1 3 5 15 9 2 4 11 14 8 6 18 19 21 10 13
13 20 8 1 15 10 12 18 4 17 19 16 21 6 9 2 7 5 11 3 14
6 1
3 4 5 1 2 6
16 9
12 7 15 8 4 16 6 3 5 13 9 10 1 14 11 2
7 10 12 3 4 1 13 9 16 11 15 5 6 8 14 2
4 9 6 5 1 10 12 2 15 16 11 13 8 3 14 7
9 1 6 10 14 4 13 15 2 11 8 16 3 7 5 12
15 2 9 4 13 8 10 7 1 11 3 5 14 6 12 16
16 7 10 3 1 6 13 9 15 2 5 14 8 11 12 4
11 13 7 1 8 3 6 12 9 10 2 4 15 16 14 5
8 6 1 7 15 3 4 16 13 2 5 10 12 14 9 11
13 1 2 5 10 4 16 14 8 7 9 11 3 6 12 15
31 23
6 16 19 23 1 31 8 20 5 24 2 30 14 25 3 26 12 29 27 21 10 11 15 22 18 17 9 28 7 13 4
31 19 14 9 27 11 2 20 17 1 22 4 16 29 25 30 12 13 10 21 15 8 3 6 28 7 24 18 23 5 26
22 8 14 12 1 11 30 10 6 24 2 29 3 31 25 4 27 7 16 17 20 26 19 28 13 5 15 21 23 9 18
8 6 27 7 26 2 19 12 25 10 31 1 22 17 16 30 11 4 18 29 9 23 21 15 13 5 20 3 24 28 14
28 5 20 23 9 16 25 6 10 11 2 30 21 29 17 7 27 26 3 4 15 22 24 8 14 12 1 13 19 31 18
2 4 27 5 30 7 14 28 16 1 25 8 21 22 11 20 29 10 15 26 24 13 19 18 12 9 6 3 31 23 17
10 5 13 6 26 14 27 22 17 23 29 18 21 4 9 30 19 2 15 24 8 31 20 28 12 16 11 3 25 7 1
1 14 13 10 16 28 17 19 9 22 26 15 18 20 4 27 8 2 7 30 3 24 5 21 25 29 11 31 12 23 6
11 7 12 25 17 14 26 6 29 3 1 5 23 27 4 24 30 20 28 21 31 16 2 19 22 15 9 18 8 10 13
1 15 7 4 30 29 3 10 12 6 31 14 17 23 11 8 5 22 16 9 24 26 28 13 19 27 20 18 21 2 25
21 3 8 18 10 2 29 23 6 22 1 11 7 15 31 16 24 5 30 26 20 25 27 12 9 13 4 19 17 28 14
26 29 8 25 14 1 30 15 4 24 5 20 12 27 11 2 18 28 3 9 10 31 16 6 21 22 23 7 17 19 13
29 23 21 30 6 18 11 3 24 10 15 19 28 7 27 17 20 14 25 2 8 31 22 5 1 12 26 16 13 9 4
10 15 19 31 5 20 2 24 6 18 7 14 4 17 11 26 30 27 12 29 1 21 25 16 9 13 8 22 28 23 3
10 11 9 26 14 23 12 30 16 31 19 4 3 6 18 21 29 22 1 13 5 17 24 27 20 7 8 15 25 2 28
7 6 20 9 17 5 1 24 11 14 15 3 18 21 16 4 22 25 13 31 10 12 19 28 30 23 8 2 29 26 27
2 30 7 13 18 26 9 31 6 11 5 8 12 15 27 1 21 19 3 24 16 10 4 28 14 25 20 29 22 17 23
25 5 11 3 30 14 24 2 27 16 8 15 9 10 12 19 18 29 26 21 17 6 4 20 7 22 1 31 13 28 23
13 31 4 22 1 27 19 28 26 9 30 12 18 10 25 8 16 24 21 15 29 23 5 6 11 3 2 20 17 7 14
26 31 20 16 23 13 18 12 24 25 8 14 2 11 27 30 7 19 17 29 3 4 9 6 15 28 21 10 22 5 1
5 20 29 18 24 26 19 27 9 8 23 31 16 2 12 22 14 17 3 30 13 10 21 11 28 25 1 4 15 7 6
16 4 25 28 15 20 14 21 10 7 2 17 31 5 29 11 19 22 3 18 13 6 24 9 1 12 8 23 30 27 26
17 12 2 21 8 9 24 20 23 30 4 15 31 3 27 11 25 14 7 28 1 16 19 18 29 10 6 26 5 13 22
1 1
1
32 9
23 8 7 31 11 20 17 19 26 4 1 14 12 18 30 13 9 25 24 15 22 21 10 28 27 5 6 16 3 29 32 2
31 15 18 25 27 2 30 10 9 21 1 6 8 4 16 5 23 32 14 22 7 13 3 11 12 20 24 28 19 29 17 26
32 20 19 4 3 23 12 7 21 26 8 6 18 2 16 25 31 22 10 24 29 17 28 13 1 27 11 30 14 5 9 15
6 24 22 16 20 25 19 10 4 23 18 7 2 11 9 21 5 3 17 30 1 32 31 13 28 27 29 14 15 26 12 8
26 30 3 10 13 9 15 6 16 2 5 7 24 27 18 20 1 17 8 31 12 25 23 19 11 28 32 14 4 21 22 29
11 27 18 31 15 23 32 13 22 2 7 5 6 12 10 26 14 21 19 17 3 4 25 20 29 28 9 16 1 30 8 24
27 25 29 8 11 6 12 15 2 3 14 26 5 17 1 32 21 22 18 13 4 20 31 7 23 28 16 9 30 24 10 19
16 9 32 4 24 6 30 29 8 15 21 31 23 5 13 28 22 12 17 19 2 11 3 27 7 25 20 1 10 26 18 14
19 21 32 1 12 28 29 17 8 22 16 9 18 31 5 2 23 26 7 30 13 11 10 27 3 14 6 20 4 15 24 25
32 24
23 19 16 29 31 17 2 30 1 9 22 14 26 12 20 11 25 18 6 28 27 10 15 5 7 4 8 24 21 32 3 13
5 30 6 27 12 7 26 4 29 9 19 20 13 1 32 25 22 16 14 10 28 24 8 3 2 17 18 11 31 15 21 23
5 17 23 19 8 29 27 4 7 22 18 13 24 16 12 1 32 30 6 14 10 15 21 31 2 26 9 28 3 11 25 20
25 5 27 6 30 10 15 11 24 23 16 14 26 12 31 32 2 19 21 20 8 3 7 4 17 28 13 18 29 9 1 22
8 29 27 18 14 17 6 4 1 3 23 5 28 16 2 10 12 20 9 26 11 25 7 13 31 30 24 15 21 19 22 32
22 4 3 28 29 30 32 24 21 11 23 9 16 2 19 15 8 31 25 27 5 26 13 18 7 12 1 17 6 20 14 10
1 16 28 11 21 6 17 27 9 25 30 31 12 32 20 19 14 8 2 26 3 4 23 22 7 13 10 15 29 5 24 18
10 11 21 16 5 3 13 14 25 23 6 32 2 29 19 4 20 31 15 17 18 30 26 8 1 24 7 28 27 12 22 9
31 20 8 24 27 4 5 9 30 28 14 26 25 18 7 10 1 19 2 3 11 12 21 15 22 13 23 32 17 16 6 29
22 9 21 4 11 10 24 14 25 27 6 31 19 1 26 32 7 28 3 18 5 12 2 30 8 17 16 20 13 23 15 29
28 13 9 29 18 12 16 31 8 4 5 25 27 17 20 14 11 22 7 15 32 24 3 2 19 26 21 30 23 1 10 6
25 1 27 8 5 17 16 24 26 10 12 23 15 3 4 30 31 14 7 13 19 9 29 11 22 6 18 2 21 32 20 28
14 12 16 24 13 30 11 31 10 27 25 7 9 3 19 22 26 5 21 6 32 2 28 29 20 4 23 18 8 1 15 17
30 26 25 7 27 3 21 4 15 10 1 11 19 12 29 24 22 5 13 32 9 6 2 31 8 17 16 28 18 20 23 14
27 15 26 7 1 19 6 18 28 5 30 21 8 31 32 2 9 24 20 22 29 14 16 23 11 13 10 17 12 25 4 3
13 28 23 2 7 12 24 31 6 4 18 27 17 16 10 11 21 29 22 30 15 14 19 1 3 9 5 25 20 32 26 8
20 23 7 6 25 26 4 29 14 2 11 8 16 10 30 12 32 5 27 21 31 13 9 28 24 15 19 18 22 3 1 17
2 14 31 26 1 27 10 8 13 21 20 11 12 28 15 24 29 9 17 32 6 30 23 4 5 18 25 7 3 22 19 16
25 12 10 15 18 14 24 4 7 19 26 21 13 17 32 6 11 9 29 3 5 20 27 22 2 8 1 30 23 28 31 16
13 14 3 17 10 18 15 31 9 20 6 30 19 11 22 26 32 1 16 21 24 5 29 25 7 28 8 12 2 4 23 27
18 14 17 2 10 24 12 31 11 23 7 4 28 1 29 20 9 27 8 32 25 26 16 15 30 5 22 6 3 19 13 21
18 13 7 6 26 22 12 17 21 23 28 5 3 15 24 31 14 8 30 9 32 11 19 4 10 27 2 20 29 25 16 1
20 21 18 15 23 16 1 2 8 25 32 28 30 7 27 17 31 13 5 4 24 6 14 29 11 22 10 19 3 9 12 26
7 27 2 24 4 29 10 30 16 17 3 18 13 1 6 21 31 23 26 8 20 28 15 14 25 32 22 12 19 11 9 5
3 2
3 2 1
1 3 2
9 2
2 6 1 9 3 4 5 7 8
2 8 3 5 6 1 7 4 9
23 9
2 11 7 8 4 6 15 1 10 21 9 12 19 3 16 14 22 23 20 17 13 18 5
20 9 13 4 2 10 8 16 23 7 19 18 14 3 11 12 5 17 15 22 6 1 21
12 4 17 10 8 20 7 21 13 11 14 9 3 1 5 6 15 23 22 2 16 19 18
21 20 8 23 9 3 15 11 19 6 13 10 2 5 14 4 17 16 18 12 22 1 7
14 8 22 7 23 12 13 1 10 9 2 21 18 19 17 11 16 4 20 5 6 15 3
11 6 18 10 15 4 5 8 1 23 7 13 19 21 20 17 12 2 9 22 16 14 3
20 6 4 23 15 8 22 2 10 16 5 11 9 14 1 18 19 3 21 12 7 17 13
18 16 11 8 14 3 23 6 10 22 2 19 13 7 20 9 17 5 21 15 4 12 1
10 8 11 15 18 12 1 9 7 6 2 22 3 21 5 19 20 17 4 14 23 13 16
23 18
4 23 19 2 12 16 7 15 8 9 13 18 6 22 11 20 3 5 14 21 17 1 10
22 5 14 1 9 6 23 8 3 11 2 16 7 19 4 20 15 18 17 10 12 13 21
6 18 17 12 23 13 9 10 16 14 5 15 4 19 7 1 3 22 21 2 11 20 8
4 22 8 20 5 1 21 15 17 18 12 6 7 3 2 13 23 19 10 16 11 14 9
4 7 13 12 16 19 23 8 11 5 1 3 6 10 17 15 14 20 9 21 18 22 2
20 15 11 7 18 1 17 14 23 2 19 5 10 13 21 9 3 8 4 6 22 12 16
19 3 23 15 22 4 13 7 12 5 1 10 2 11 20 16 14 21 9 8 18 17 6
13 18 11 19 22 8 21 5 14 20 1 3 6 9 12 23 16 2 10 4 17 15 7
12 7 18 3 11 15 13 20 21 8 22 1 17 2 10 4 19 9 16 5 23 14 6
13 10 18 14 7 8 22 1 2 16 21 20 15 4 11 5 23 9 19 6 12 17 3
3 13 1 10 20 12 9 21 16 2 17 19 6 5 15 4 8 14 7 23 11 18 22
9 7 22 15 16 4 5 6 1 20 21 17 2 18 13 10 3 12 14 8 23 19 11
4 3 23 22 21 6 11 18 15 14 16 8 10 1 13 12 19 2 9 17 5 20 7
13 7 12 1 3 8 21 2 23 11 15 16 18 5 22 14 20 6 17 10 9 4 19
7 14 17 4 2 8 10 19 9 23 16 22 21 12 20 11 18 15 6 1 13 3 5
12 3 8 9 20 15 4 7 16 1 14 13 11 18 21 10 6 17 5 19 23 22 2
5 9 3 21 14 18 11 16 19 12 7 4 8 13 1 6 10 17 15 2 23 20 22
23 15 14 20 22 4 11 3 17 16 12 6 10 21 9 5 13 1 2 18 8 7 19
32 7
17 18 6 27 13 7 4 15 10 2 25 14 21 11 12 28 8 1 24 30 23 16 20 32 26 31 22 5 19 29 9 3
23 21 28 20 8 3 7 2 11 19 18 4 6 22 31 24 13 12 15 29 10 25 14 26 32 17 16 27 5 1 9 30
27 21 11 20 1 30 16 32 12 5 13 18 31 26 4 23 29 28 22 15 19 2 9 3 14 24 7 6 10 8 25 17
14 13 23 32 28 16 31 26 21 20 30 12 10 7 18 4 9 11 22 24 19 1 17 8 25 15 27 2 6 3 29 5
25 1 21 26 19 28 3 15 20 30 17 7 24 29 18 10 31 8 2 6 22 5 13 23 4 9 27 11 14 12 16 32
1 19 12 17 23 25 27 11 6 26 7 13 22 10 16 2 5 3 4 20 9 14 24 15 21 31 30 32 29 28 18 8
25 15 4 3 22 5 9 32 13 23 1 8 7 12 11 20 16 29 28 2 18 19 30 21 10 26 17 31 24 27 14 6
10 5
6 4 3 10 9 7 1 8 2 5
9 4 8 3 5 7 1 2 10 6
10 5 6 8 7 4 3 1 9 2
4 2 9 6 10 8 3 1 5 7
4 3 2 10 5 9 8 6 7 1
21 1
19 5 10 9 16 17 12 20 15 14 4 13 21 1 6 7 8 11 2 3 18
29 19
27 3 21 7 25 22 8 28 14 6 5 16 11 17 29 19 23 20 24 12 18 26 9 13 10 15 1 2 4
23 5 13 7 27 1 3 16 8 15 11 26 25 6 18 2 20 12 28 21 10 14 24 29 22 9 4 17 19
5 17 2 16 28 27 23 8 26 7 11 25 1 12 14 15 21 29 10 3 13 4 22 9 20 6 18 24 19
24 23 15 21 8 20 28 22 17 27 1 29 12 16 9 13 5 3 10 26 2 14 11 19 6 18 25 7 4
10 5 8 23 4 6 3 25 20 2 19 9 13 22 12 16 21 29 26 18 15 28 27 11 7 14 1 17 24
10 22 12 19 3 26 9 27 28 4 23 24 29 18 15 17 8 11 2 16 21 1 7 25 14 6 13 5 20
9 2 27 3 4 13 8 24 17 14 29 1 18 12 16 23 26 21 20 22 5 19 10 25 15 11 7 28 6
15 6 23 22 12 19 3 14 25 13 5 4 28 21 7 24 9 1 18 8 16 29 20 17 2 27 10 26 11
23 21 3 13 15 26 14 11 28 4 9 1 16 18 22 19 20 10 5 12 17 27 29 24 6 8 25 2 7
14 1 17 19 18 8 26 27 5 11 13 12 6 10 3 4 24 25 16 7 29 2 28 20 21 15 9 22 23
8 2 12 14 29 15 24 11 9 3 27 19 17 13 23 16 1 7 18 21 22 28 5 4 10 25 20 6 26
14 24 11 4 2 15 8 28 10 5 7 27 9 20 13 29 23 17 1 12 19 16 25 18 21 26 3 6 22
25 8 22 27 9 6 13 19 28 17 7 20 2 12 18 5 10 4 1 23 26 3 21 16 24 11 15 29 14
9 2 26 12 25 27 28 18 8 11 10 7 5 3 21 1 17 19 23 13 6 29 20 14 4 22 16 15 24
14 13 16 10 12 29 3 7 1 8 11 4 17 24 26 21 27 6 20 22 19 28 5 15 18 9 25 23 2
2 14 4 26 3 28 20 17 10 11 1 5 21 7 22 9 24 13 15 16 23 12 8 29 25 6 18 27 19
14 6 12 22 18 5 25 8 27 3 10 21 20 28 11 19 16 23 29 9 17 24 4 2 7 26 15 1 13
12 2 7 11 22 10 3 8 16 1 26 15 18 27 20 4 28 21 13 19 24 23 9 6 14 29 5 25 17
6 24 8 1 29 7 15 26 16 22 20 17 5 4 12 9 28 19 2 3 25 23 14 18 10 21 27 13 11
4 2
1 3 4 2
1 2 4 3
8 8
3 6 2 1 7 4 5 8
7 8 3 2 1 5 6 4
5 3 2 1 7 6 8 4
5 4 6 2 3 8 7 1
5 1 7 6 3 2 8 4
1 5 8 2 7 3 4 6
8 2 1 3 4 5 7 6
5 1 4 2 7 3 6 8
12 5
4 2 10 9 12 1 8 3 6 11 5 7
5 12 2 10 3 6 7 9 1 8 4 11
9 6 4 2 1 11 3 8 10 12 5 7
7 10 6 8 3 4 12 1 9 2 11 5
6 11 1 4 8 10 7 12 9 2 5 3
4 2
4 2 1 3
2 4 1 3
5 5
1 2 3 4 5
4 1 3 2 5
5 4 2 3 1
2 3 5 1 4
1 2 4 3 5
22 12
9 16 14 20 1 3 21 22 17 18 7 11 8 6 5 12 2 10 15 19 4 13
3 5 14 22 7 2 1 10 6 9 12 18 20 15 16 19 17 4 8 21 13 11
7 9 22 10 17 11 12 4 20 21 19 18 6 8 3 13 1 16 15 2 5 14
18 3 16 7 6 12 15 13 17 10 2 20 9 21 4 19 11 14 5 1 8 22
3 8 6 12 15 18 20 9 21 16 11 22 2 10 13 19 7 5 14 1 17 4
20 13 7 21 19 3 4 16 12 22 17 5 1 6 15 8 9 14 10 18 11 2
11 8 9 15 18 21 10 20 22 4 7 13 12 14 16 5 19 2 3 17 1 6
18 14 12 3 19 7 22 11 8 16 9 15 17 20 2 6 5 4 21 13 1 10
5 9 11 20 19 8 14 2 7 22 3 18 13 6 1 17 4 16 10 12 15 21
16 19 2 1 21 3 20 14 11 4 15 6 9 12 10 18 22 5 13 7 17 8
10 15 20 16 8 1 22 12 21 5 3 17 9 11 19 7 2 14 6 4 18 13
6 3 21 18 19 20 22 10 17 12 1 11 13 14 15 2 7 4 9 8 16 5
24 23
14 7 19 13 4 3 18 5 15 20 16 11 23 10 2 21 12 1 8 17 6 9 22 24
7 2 19 5 8 21 24 6 13 9 14 17 11 22 3 15 23 20 4 12 1 18 16 10
16 19 23 15 5 7 1 10 17 6 24 21 14 20 2 18 4 22 3 12 13 9 11 8
18 13 10 23 20 15 11 5 17 1 2 19 9 12 7 3 16 6 8 4 21 14 22 24
23 22 2 5 15 7 18 6 8 3 12 10 1 16 21 24 20 4 19 9 14 17 11 13
21 9 11 18 20 7 2 4 16 13 14 19 10 22 17 5 12 23 3 15 1 8 24 6
6 7 9 5 10 18 14 19 1 21 22 4 23 16 11 12 24 13 2 8 15 17 3 20
12 16 8 18 14 22 3 5 21 17 11 13 9 4 15 20 10 24 7 23 2 19 1 6
9 23 24 18 3 14 15 5 1 19 17 21 12 4 6 2 7 13 16 22 20 11 8 10
16 14 23 3 18 1 12 24 8 7 2 6 11 19 15 5 9 13 21 4 10 22 20 17
9 4 20 22 10 3 18 2 16 15 13 5 7 21 8 24 23 11 6 19 17 1 14 12
24 2 4 16 23 3 15 9 1 14 12 22 13 8 19 5 21 17 6 11 10 20 18 7
2 22 24 10 11 9 17 15 4 3 13 16 6 14 5 20 12 21 23 8 19 1 7 18
13 12 14 24 7 11 8 1 5 17 3 16 10 4 15 9 19 22 2 6 23 20 21 18
1 14 5 20 16 21 18 4 22 23 10 15 6 12 8 13 7 24 17 3 19 2 9 11
1 3 8 20 2 11 23 10 12 5 15 24 7 16 18 6 13 14 9 4 21 22 17 19
12 17 1 19 24 4 11 13 21 8 2 6 7 5 15 10 9 18 14 3 23 20 16 22
6 17 12 19 9 22 4 15 8 24 11 13 2 20 7 5 16 18 21 10 23 1 14 3
15 13 20 17 5 24 4 9 8 6 22 19 3 10 21 16 14 1 23 18 11 7 12 2
1 14 3 20 24 16 15 12 5 8 19 10 4 23 11 18 7 17 13 2 9 21 6 22
10 15 18 22 21 4 20 19 16 1 8 7 6 24 13 3 17 12 5 2 9 23 11 14
23 21 4 9 18 11 6 13 7 1 12 22 10 14 17 19 24 16 5 3 2 8 15 20
23 7 20 8 12 4 15 6 1 3 22 16 10 19 21 18 13 11 9 17 5 24 2 14
28 5
15 10 21 27 13 16 22 2 26 17 19 7 4 18 28 3 12 24 5 23 14 25 6 9 11 1 20 8
19 7 27 17 12 22 15 26 3 10 1 24 21 14 20 23 13 4 9 8 11 18 16 6 2 5 25 28
26 3 22 25 9 27 24 7 21 2 13 6 16 1 8 11 28 5 14 18 23 12 10 4 19 15 17 20
23 10 9 1 24 22 17 26 4 28 2 14 8 13 20 19 6 11 7 3 15 12 18 27 25 21 16 5
14 6 28 13 1 21 7 16 20 19 17 12 27 2 4 22 15 25 24 3 18 9 23 26 11 5 8 10
6 5
2 6 4 3 5 1
1 4 3 6 5 2
2 5 4 1 3 6
6 4 1 5 2 3
3 5 4 1 2 6
6 2
4 6 3 1 5 2
4 6 1 5 2 3
3 2
1 2 3
3 1 2
7 3
5 7 2 1 6 3 4
1 7 5 2 3 6 4
4 5 6 7 3 2 1
8 6
3 5 8 6 1 2 7 4
1 3 4 5 2 7 6 8
4 5 8 7 3 6 2 1
3 2 6 1 7 5 8 4
5 2 3 7 6 1 8 4
5 2 1 4 8 7 6 3
18 3
12 6 5 18 13 7 4 14 15 8 16 1 17 11 9 3 10 2
2 1 6 13 12 3 7 9 14 8 4 15 18 10 16 5 11 17
8 11 18 9 7 3 15 16 12 4 14 6 10 2 1 17 5 13
6 6
6 3 5 2 4 1
4 3 6 2 1 5
5 3 4 1 2 6
3 1 6 4 5 2
3 6 4 5 2 1
1 4 6 5 3 2
23 2
4 7 15 2 21 19 10 16 22 6 18 12 13 8 17 11 1 3 20 14 5 23 9
14 17 2 10 5 3 8 12 9 20 15 13 23 11 21 19 22 7 6 1 16 4 18
24 8
20 3 7 11 2 24 15 23 16 13 1 19 17 22 18 5 9 8 14 10 6 21 4 12
6 24 9 1 21 14 16 13 17 3 22 7 12 20 4 11 23 8 10 18 15 5 2 19
23 17 8 5 21 19 2 7 1 6 9 14 15 16 13 18 22 10 11 12 20 3 24 4
20 22 4 1 17 24 7 14 11 10 18 16 21 15 19 2 23 6 9 3 5 8 13 12
16 18 13 21 23 8 24 22 1 15 10 3 19 20 14 7 6 2 12 11 17 5 4 9
23 9 12 6 22 1 14 5 8 15 24 18 3 2 21 20 7 4 13 17 11 19 16 10
17 12 18 10 3 21 22 16 2 5 13 19 9 8 4 1 23 7 20 6 24 11 15 14
22 13 20 10 24 14 8 19 5 1 12 6 16 11 9 4 15 2 21 23 18 17 3 7
2 2
2 1
1 2
23 18
16 3 12 9 10 4 22 13 18 6 23 11 8 7 2 20 14 1 15 19 5 21 17
13 22 8 14 20 3 1 18 9 17 23 6 4 11 21 16 15 2 7 5 12 19 10
19 9 20 13 15 12 21 10 4 23 17 5 3 16 22 8 6 14 2 11 18 1 7
14 18 1 9 15 7 8 19 16 12 17 4 3 22 2 13 6 23 11 20 10 21 5
4 15 6 20 7 18 14 19 23 5 16 21 3 10 2 22 8 17 11 13 1 9 12
23 15 19 14 6 1 16 22 17 9 13 7 10 21 4 3 5 8 12 2 20 18 11
21 1 17 8 7 18 23 10 2 19 16 14 6 12 11 22 4 5 13 9 15 3 20
12 13 2 5 19 8 17 11 4 16 6 3 18 1 15 20 14 9 7 23 22 10 21
16 7 3 10 14 21 18 6 22 20 17 2 11 19 9 4 8 12 5 1 23 13 15
18 2 6 11 1 8 20 12 5 15 10 23 13 16 9 3 4 17 7 19 14 21 22
18 4 19 14 11 22 23 16 3 2 20 5 7 12 10 21 15 1 13 9 8 6 17
23 20 19 11 5 21 6 2 9 22 17 8 15 13 1 16 3 4 12 7 18 14 10
8 2 4 15 7 12 21 18 11 3 9 23 6 13 5 19 14 16 20 1 17 10 22
3 1 13 21 8 16 9 7 23 22 6 2 5 4 11 17 12 18 10 19 14 15 20
22 9 16 1 10 17 23 2 20 21 13 3 14 8 18 7 5 6 12 19 4 11 15
7 17 13 15 8 1 21 5 16 6 23 22 4 3 20 14 12 10 11 18 9 19 2
11 22 19 4 5 12 9 10 23 21 17 16 6 3 18 8 15 2 7 13 20 14 1
13 6 16 23 3 18 15 4 9 10 17 1 14 11 7 8 19 2 21 5 20 12 22
32 9
32 11 30 6 31 8 18 24 29 14 25 4 28 22 26 12 10 23 19 1 27 7 5 20 16 3 2 9 17 21 15 13
25 8 10 17 9 26 12 23 19 22 18 27 14 32 28 3 16 30 24 4 15 29 31 6 7 20 1 13 21 11 2 5
26 9 7 17 6 25 5 16 1 32 20 8 4 28 24 31 21 2 13 12 30 14 23 15 19 22 18 29 11 10 3 27
16 11 3 12 7 29 14 23 15 20 21 1 18 5 32 13 27 31 10 17 24 4 8 6 25 30 26 19 2 28 22 9
32 14 13 10 11 22 9 3 1 24 6 18 31 20 29 27 15 25 8 7 28 12 4 16 26 23 19 17 21 30 2 5
6 23 11 20 16 17 24 7 3 2 27 29 15 32 31 22 8 1 5 4 30 26 9 25 18 19 14 21 28 12 13 10
16 32 20 5 8 17 3 6 9 15 31 22 12 14 25 19 13 27 24 1 26 29 21 4 30 2 10 23 18 11 7 28
6 16 19 14 11 21 20 25 26 23 17 3 12 22 8 15 4 1 18 5 31 29 2 13 30 24 32 7 28 10 27 9
30 16 8 18 9 10 24 23 1 6 14 27 21 4 13 32 5 25 2 22 17 20 12 26 29 11 15 3 19 7 31 28
32 17
26 13 1 9 27 29 17 18 3 2 28 16 22 10 8 19 24 31 4 5 6 30 21 14 20 23 15 12 11 7 25 32
27 26 9 7 32 1 23 24 20 6 17 25 18 22 13 21 30 16 12 28 8 15 29 10 2 4 5 31 3 11 19 14
5 9 30 11 29 32 24 8 17 4 25 20 22 3 19 31 2 21 1 12 13 27 18 28 6 10 23 16 15 7 14 26
3 16 18 20 29 9 13 4 32 14 23 6 17 25 21 2 19 8 12 10 31 11 5 27 30 26 7 15 24 22 28 1
17 3 15 6 32 29 7 21 12 20 5 19 2 31 18 14 25 22 8 10 1 23 9 4 16 27 30 11 26 13 28 24
11 13 6 25 20 24 1 26 5 18 23 17 30 22 16 9 12 32 4 3 2 10 19 15 29 8 14 28 7 31 21 27
32 28 25 8 1 13 26 23 14 3 24 12 10 11 29 4 19 2 30 6 9 20 22 17 5 16 31 7 15 18 27 21
14 9 15 1 5 6 22 20 28 21 13 2 17 26 23 25 8 7 19 16 24 4 32 18 3 11 10 30 31 27 12 29
19 2 24 16 25 21 20 14 18 27 13 29 8 30 6 22 28 17 11 9 7 15 5 3 32 1 23 10 12 31 4 26
3 22 19 13 16 17 21 28 14 32 12 24 26 10 15 9 1 11 29 8 25 23 7 27 4 18 5 6 30 2 31 20
26 28 14 18 17 9 5 31 3 24 11 21 23 6 1 29 4 12 2 16 19 32 13 25 10 8 22 15 27 20 7 30
13 26 1 4 22 6 17 28 32 11 5 8 18 12 20 30 15 23 14 2 25 16 21 9 3 19 24 29 31 7 10 27
7 6 20 12 27 13 21 8 16 17 9 29 30 11 18 19 32 22 15 24 25 31 2 28 1 14 26 23 10 4 3 5
31 27 6 7 29 15 20 19 16 21 10 9 5 13 14 25 28 17 4 12 32 23 8 11 26 30 1 3 24 22 2 18
31 7 25 2 8 4 10 9 24 3 6 13 22 15 16 5 1 21 32 18 26 17 19 20 23 27 12 30 28 11 14 29
17 19 21 18 2 7 14 24 12 10 1 31 16 28 26 4 30 9 3 22 27 13 23 25 11 8 29 5 15 32 6 20
26 3 5 4 12 28 10 31 20 2 32 21 17 18 27 7 30 16 25 24 22 11 29 1 8 15 23 14 6 9 13 19
6 5
5 1 4 3 6 2
4 1 3 5 6 2
1 2 6 4 5 3
6 5 4 1 2 3
5 6 4 3 2 1
28 17
6 5 28 20 17 24 21 7 3 1 27 23 2 22 15 26 4 25 11 9 10 18 16 12 19 8 14 13
5 15 11 6 27 1 26 17 12 7 14 24 22 2 9 20 4 16 21 25 28 23 3 13 18 19 8 10
5 19 11 4 10 25 1 24 16 12 9 6 14 8 3 18 22 13 26 27 20 23 2 21 17 28 7 15
8 25 2 11 16 9 5 6 12 1 21 14 15 17 28 4 24 10 18 27 23 19 3 26 20 7 22 13
2 28 1 7 23 15 26 8 18 5 20 24 16 12 11 13 22 3 17 27 6 4 9 19 21 10 14 25
9 27 1 7 10 8 2 22 4 18 12 16 19 11 13 6 15 24 26 3 25 23 17 5 21 14 28 20
11 24 8 28 21 25 17 16 22 27 9 3 13 15 6 18 5 10 26 1 20 4 7 19 2 12 23 14
16 26 22 14 11 8 9 7 1 28 15 25 19 27 2 13 23 6 18 20 5 21 12 3 24 4 17 10
12 16 18 5 19 15 25 8 11 24 20 3 27 9 10 1 14 23 2 4 6 28 17 13 22 21 26 7
6 4 24 26 3 7 18 25 11 21 9 20 22 16 12 14 13 1 28 10 15 17 5 23 27 8 19 2
27 20 1 12 11 16 2 8 28 22 19 26 18 10 25 14 4 9 21 17 5 6 23 24 3 7 13 15
28 2 25 15 10 17 19 27 11 6 24 9 20 22 3 18 7 4 12 23 5 8 26 13 21 1 14 16
20 10 11 22 19 24 4 18 15 28 25 5 6 9 2 23 1 27 16 7 21 17 8 12 3 26 14 13
11 26 28 23 18 15 14 22 1 4 12 6 8 3 9 7 13 21 5 19 10 27 16 25 20 17 2 24
18 1 10 11 26 14 17 16 4 27 21 9 20 28 2 24 23 19 12 7 8 3 13 6 5 15 22 25
28 7 9 20 18 14 27 15 10 8 2 12 4 3 17 16 21 6 5 1 25 23 24 22 11 13 26 19
20 17 24 21 10 8 25 14 2 9 23 18 26 6 16 22 4 27 28 11 15 1 7 5 13 12 19 3
15 10
1 13 14 7 8 6 11 2 9 3 4 15 10 5 12
10 9 13 8 3 5 6 15 4 14 2 7 12 1 11
9 14 1 4 7 8 10 15 6 3 11 12 2 5 13
13 8 1 14 2 3 10 12 6 7 4 11 9 5 15
1 10 6 11 4 14 12 8 15 2 3 9 13 5 7
6 14 4 9 12 13 10 7 15 8 11 2 3 5 1
3 13 11 1 4 10 6 7 9 8 15 2 5 14 12
12 3 9 13 7 2 1 4 14 15 6 5 8 10 11
2 13 12 7 15 1 4 9 3 8 11 14 10 6 5
11 7 15 1 9 14 6 4 5 3 10 8 12 2 13
16 2
5 15 1 8 14 11 3 16 13 4 2 12 7 6 10 9
16 15 8 7 3 6 14 11 2 1 5 4 13 9 10 12
21 4
7 19 4 13 11 16 8 1 17 5 15 3 2 9 20 18 21 6 12 10 14
4 19 10 21 13 12 14 7 1 5 15 16 20 18 9 2 3 17 11 6 8
16 5 15 20 2 10 12 4 19 3 13 6 21 11 8 1 14 7 17 18 9
5 8 6 16 3 18 9 14 21 15 19 10 1 17 20 12 2 4 13 11 7
19 5
5 17 8 1 15 14 18 7 11 3 10 4 2 6 9 16 13 12 19
6 13 17 16 4 3 2 11 10 7 19 8 14 15 1 18 9 5 12
5 8 10 2 7 11 17 16 19 6 4 14 18 13 12 3 1 9 15
17 19 13 7 12 10 3 2 8 5 1 16 4 18 9 14 6 11 15
1 12 17 4 8 9 19 15 6 7 5 11 18 2 16 13 14 3 10
29 15
9 2 7 27 16 12 28 14 29 21 25 6 26 23 4 18 8 15 3 19 22 11 13 10 24 1 5 17 20
20 17 10 19 6 7 1 13 11 29 22 21 8 9 27 5 25 15 14 3 18 24 16 2 12 4 28 26 23
3 15 11 2 17 29 26 28 1 18 14 9 8 5 20 24 12 10 22 16 21 4 7 25 13 6 19 23 27
18 29 17 16 1 9 7 23 26 4 15 8 22 24 5 13 25 20 2 11 12 21 19 10 27 3 28 6 14
8 21 16 1 26 22 13 17 3 18 25 15 5 20 10 11 27 7 29 6 24 23 4 14 12 9 19 2 28
26 8 1 16 14 20 28 27 24 22 10 15 11 17 6 2 21 5 12 13 3 4 19 23 29 18 9 25 7
17 19 5 7 2 8 20 22 9 27 1 25 11 4 3 18 15 6 29 10 12 14 21 24 26 23 28 13 16
9 28 13 25 21 24 23 10 5 17 27 20 14 8 18 6 3 15 11 22 19 16 2 12 1 29 7 4 26
3 14 18 2 10 21 23 25 22 24 4 29 20 9 7 27 5 28 26 17 13 1 16 12 6 8 19 11 15
25 18 4 10 29 15 22 17 14 28 21 13 8 12 26 11 16 5 24 19 20 6 1 9 7 23 3 2 27
17 5 22 1 20 25 13 19 26 12 10 11 24 3 2 7 8 6 4 23 28 9 14 21 15 29 18 27 16
27 26 9 6 12 4 23 2 29 18 14 5 7 24 1 16 17 19 22 11 21 20 10 28 8 13 25 3 15
21 22 24 2 23 3 12 4 26 29 5 10 13 7 9 18 27 14 6 16 8 11 28 25 20 19 15 1 17
25 17 18 14 10 21 26 8 9 2 5 13 24 11 22 23 7 29 20 4 27 12 3 6 1 28 16 15 19
5 9 11 15 27 26 7 17 1 25 16 3 20 21 19 24 23 2 12 10 4 18 8 6 14 29 13 28 22
27 1
1 14 18 21 9 26 5 8 7 13 10 11 20 22 24 6 15 4 3 16 12 23 2 19 27 25 17
9 1
3 1 6 8 5 4 2 7 9
32 5
5 4 21 15 26 19 24 6 20 29 13 18 31 22 9 27 28 1 25 10 23 3 17 30 12 32 16 7 11 2 14 8
18 11 28 15 25 10 16 23 30 27 7 4 13 9 26 5 32 14 2 20 6 22 12 17 3 24 19 21 1 31 8 29
21 2 31 7 28 23 20 19 32 17 5 25 9 27 12 3 8 1 16 15 22 4 10 18 24 29 14 30 13 6 26 11
27 4 17 18 9 13 16 7 14 22 23 32 8 2 11 6 19 21 20 24 10 26 28 25 29 5 31 12 1 3 15 30
24 19 1 9 16 32 10 22 6 14 3 12 15 18 2 13 8 29 26 27 5 25 30 4 17 11 20 7 31 21 28 23
27 24
24 4 3 11 12 13 27 14 17 25 20 16 1 22 23 9 15 6 10 2 7 21 18 5 19 8 26
6 5 18 12 1 13 2 25 3 19 20 27 4 23 21 16 9 8 15 17 24 7 26 11 10 22 14
23 13 21 24 12 25 18 9 15 19 22 27 20 2 14 6 4 11 1 10 17 3 5 8 16 26 7
3 16 19 25 1 15 20 13 11 5 2 17 9 10 21 12 27 4 26 24 23 7 22 6 14 8 18
19 23 15 17 24 20 3 2 8 5 26 14 21 27 16 1 22 12 6 25 9 11 7 13 18 10 4
2 18 23 24 19 3 14 5 6 21 26 22 16 27 11 8 13 20 7 10 9 25 15 12 17 1 4
16 2 26 23 19 9 15 27 10 6 3 8 4 25 1 7 24 5 17 22 20 11 18 13 12 14 21
4 5 7 24 21 10 15 22 8 23 3 17 20 2 6 19 18 11 14 27 12 9 13 25 26 1 16
15 6 11 4 22 25 21 2 23 3 19 9 20 18 13 16 1 12 24 27 26 14 5 10 7 8 17
4 11 14 13 25 2 18 8 19 9 5 20 16 3 21 15 23 6 1 17 27 24 10 26 22 12 7
22 1 26 15 27 20 13 14 8 7 5 17 10 24 18 6 3 2 11 4 19 9 16 25 12 21 23
22 1 17 2 4 21 8 18 5 26 27 3 19 13 10 7 16 20 9 12 25 11 6 14 24 15 23
10 7 26 14 13 17 24 23 11 25 1 5 19 12 21 27 3 2 18 8 15 6 9 22 16 4 20
15 18 25 23 4 11 10 19 12 1 21 8 22 7 6 24 26 20 17 9 3 14 16 13 2 27 5
18 19 7 1 15 13 10 4 16 3 20 25 22 9 11 8 6 5 2 21 23 14 17 27 24 12 26
11 13 26 2 15 1 19 16 23 6 25 21 3 12 4 24 5 20 27 9 17 8 10 22 18 7 14
15 16 9 19 3 18 23 11 12 26 14 1 7 17 4 24 6 22 10 13 25 27 20 21 2 8 5
25 13 11 18 17 24 15 3 7 20 27 2 4 5 6 19 8 10 22 9 26 1 12 23 21 14 16
3 8 18 27 24 20 19 14 13 26 5 12 9 23 10 21 22 6 25 16 17 15 7 11 4 1 2
9 20 11 15 17 4 8 6 21 23 22 25 27 12 2 16 1 7 24 5 26 3 14 18 13 19 10
12 11 27 15 17 6 16 3 1 21 25 5 10 26 24 22 2 13 9 19 14 8 7 20 23 4 18
1 23 16 27 6 11 4 9 25 7 3 8 14 17 5 15 10 20 18 19 2 21 24 26 22 12 13
25 10 2 17 4 22 3 12 11 20 24 5 16 18 1 7 9 8 15 23 19 6 13 21 26 14 27
24 9 17 4 15 8 19 2 25 12 5 14 23 7 26 11 27 20 6 1 3 16 18 21 10 13 22
10 1
10 1 4 2 9 3 8 5 6 7
1 1
1
6 3
4 2 6 3 1 5
6 5 2 1 4 3
2 1 3 5 4 6
6 2
6 2 4 1 3 5
2 1 3 5 6 4
28 4
26 27 1 4 12 16 19 15 11 18 2 13 21 9 10 6 20 25 3 22 8 28 5 23 7 14 24 17
20 12 7 14 3 4 11 2 8 5 13 10 19 23 18 6 17 15 16 26 25 28 21 27 24 9 22 1
7 16 9 21 22 24 28 26 17 11 25 15 5 10 23 6 18 3 27 8 12 4 13 2 19 20 1 14
1 27 2 22 14 19 6 10 12 11 24 7 28 4 26 9 15 8 17 25 13 21 20 5 3 16 18 23
10 5
6 7 9 1 3 8 5 10 2 4
8 6 7 4 3 9 5 2 10 1
4 9 6 7 5 2 1 8 10 3
6 7 10 9 1 8 5 2 3 4
10 4 1 2 8 6 7 3 9 5
25 2
19 4 2 13 5 16 9 22 23 24 12 18 8 17 20 15 1 11 21 6 14 25 7 10 3
3 15 17 19 20 7 21 14 25 16 2 22 6 13 4 10 23 24 1 5 12 9 8 18 11
31 6
22 11 21 5 26 13 30 2 1 24 27 12 31 20 3 17 15 18 7 10 4 28 6 8 29 19 9 16 14 23 25
2 6 21 9 15 28 14 10 8 24 29 11 26 12 19 30 17 3 23 22 16 1 7 5 20 25 18 27 4 31 13
5 28 6 15 16 8 17 18 24 9 7 31 25 2 27 30 21 23 22 13 26 29 3 12 20 11 4 10 14 19 1
29 26 24 15 18 10 25 11 4 2 22 1 13 30 12 28 20 7 3 31 14 5 6 27 19 8 16 9 17 21 23
21 14 31 28 6 23 19 22 29 10 18 13 27 16 1 2 25 26 15 30 7 20 24 12 17 11 5 8 3 4 9
31 10 21 23 13 28 17 12 25 19 16 2 4 20 8 1 24 9 7 26 15 5 6 14 27 22 3 18 11 29 30
10 2
8 5 1 2 3 6 9 4 7 10
3 5 2 4 9 10 1 7 8 6
4 4
3 4 1 2
3 4 2 1
2 3 1 4
4 2 1 3
5 2
3 5 1 4 2
3 1 5 2 4
6 3
3 4 1 5 6 2
1 2 4 5 3 6
4 5 1 2 3 6
13 6
9 3 6 13 1 8 10 11 2 5 12 7 4
6 7 3 5 13 10 9 1 4 2 11 8 12
2 13 10 8 12 5 4 11 6 9 7 1 3
13 4 12 8 2 9 6 10 5 7 3 1 11
8 10 7 6 1 11 13 5 9 4 3 12 2
8 3 13 10 9 1 5 4 7 2 12 6 11
23 7
17 6 1 11 4 16 10 15 14 5 7 2 8 12 13 20 19 3 22 18 21 9 23
18 22 1 14 15 11 12 21 5 9 8 23 4 19 20 7 2 6 10 17 13 3 16
18 16 4 20 19 14 2 23 22 7 11 8 5 10 6 12 13 15 1 17 21 3 9
5 10 22 14 17 2 3 1 21 9 11 4 13 7 19 6 12 20 8 23 15 18 16
1 20 7 22 8 9 4 6 15 18 14 5 17 12 23 3 13 19 10 21 2 11 16
10 16 17 21 4 3 19 5 22 11 9 7 20 18 8 1 2 6 23 14 15 12 13
16 20 1 9 11 18 17 7 6 5 22 15 3 10 21 13 14 12 19 8 23 2 4
26 11
2 6 20 23 17 14 3 26 4 25 9 21 10 12 8 22 5 16 15 19 7 13 1 24 18 11
1 9 11 25 20 5 24 23 16 19 21 22 4 3 26 7 13 8 2 18 12 14 6 17 15 10
4 9 17 13 18 11 23 15 3 1 6 21 22 26 24 14 5 20 25 2 16 7 19 8 10 12
21 11 6 22 13 24 7 1 3 12 2 25 18 17 20 26 16 19 5 23 8 9 4 14 10 15
21 25 15 7 24 4 10 1 16 2 11 13 20 14 3 17 12 23 19 9 5 6 26 18 22 8
9 19 15 4 13 17 18 25 21 11 1 23 22 10 24 8 16 26 14 7 6 20 12 3 5 2
2 14 5 22 6 4 24 17 12 3 7 21 15 19 26 16 18 25 10 13 23 8 9 1 20 11
17 2 3 14 25 13 23 4 12 21 20 26 22 15 10 6 1 11 5 18 8 24 7 9 19 16
6 25 10 9 15 1 22 13 24 19 17 5 3 8 7 11 12 26 21 23 18 20 2 16 14 4
2 19 3 21 18 1 17 8 23 5 16 11 13 9 15 22 4 6 7 14 12 25 26 24 20 10
25 26 2 3 9 15 10 7 21 5 20 1 4 22 16 19 13 14 17 8 18 24 6 23 11 12
30 20
7 15 27 18 4 16 6 30 10 24 3 20 26 11 25 17 14 21 1 12 13 2 9 23 8 22 5 29 19 28
7 10 15 20 14 21 6 5 1 13 11 24 25 19 17 29 23 9 26 2 4 18 12 8 27 30 3 28 16 22
6 27 30 25 19 20 7 2 11 10 1 24 22 28 8 3 13 16 14 15 21 4 26 9 5 29 12 18 17 23
28 25 23 1 5 20 26 2 13 22 14 6 30 10 11 29 27 24 17 7 21 4 18 12 3 9 15 19 16 8
9 13 25 6 16 30 22 28 3 18 20 24 14 27 7 5 19 4 29 17 1 21 11 2 26 23 8 10 15 12
12 5 30 1 13 14 25 11 17 10 8 23 18 16 24 29 3 21 20 22 2 26 19 27 15 9 6 4 28 7
8 17 10 11 24 9 28 14 23 16 5 6 4 19 7 18 25 29 27 26 2 30 22 12 1 15 3 13 21 20
12 22 24 5 10 4 18 3 7 17 2 27 1 25 20 11 26 6 13 30 16 21 8 23 28 19 15 29 14 9
16 26 10 27 3 30 18 20 13 17 15 8 28 21 1 4 11 25 5 7 29 24 12 23 9 14 19 22 2 6
25 16 5 23 13 30 4 18 22 11 24 26 20 10 14 12 8 19 29 2 7 15 6 9 21 1 28 17 3 27
14 15 27 2 18 29 24 23 12 7 21 16 8 4 28 1 13 30 25 5 26 9 22 10 11 17 3 19 6 20
22 8 18 30 21 11 26 13 2 6 25 24 9 20 1 12 17 15 28 7 14 27 3 19 29 16 4 23 10 5
20 27 21 4 30 8 7 6 1 28 19 14 16 17 5 12 22 23 9 2 11 3 25 29 24 15 26 18 10 13
11 7 9 18 30 28 12 10 16 29 22 13 24 2 17 21 5 3 27 23 25 15 20 19 1 4 8 26 14 6
7 10 1 2 25 27 9 22 19 15 30 8 4 14 24 5 26 28 3 17 12 29 21 23 16 18 20 6 11 13
10 24 23 18 14 11 29 4 16 9 7 8 20 5 21 15 22 28 12 2 30 27 1 3 25 6 13 17 19 26
7 2 28 14 6 26 20 18 1 24 22 13 29 25 21 5 17 3 19 23 30 4 11 15 9 8 12 16 10 27
8 14 25 5 27 12 17 1 28 20 21 7 10 3 16 9 26 22 29 11 18 13 30 15 24 23 2 19 6 4
30 2 21 26 28 7 6 25 10 1 24 3 16 4 20 12 15 27 9 29 5 19 14 11 18 13 23 17 22 8
16 8 26 19 13 28 12 1 5 11 15 25 9 17 21 7 30 3 10 29 22 18 4 14 2 6 27 23 20 24
19 10
17 1 12 5 18 11 15 13 16 9 10 4 6 14 8 19 3 2 7
6 1 4 10 16 9 18 17 5 14 3 19 8 11 2 7 13 12 15
3 19 13 6 12 4 7 10 11 17 2 1 18 8 15 5 14 16 9
18 2 6 1 7 14 16 12 8 3 4 10 13 15 19 17 9 5 11
13 18 12 7 8 17 19 16 1 10 6 9 14 3 2 11 15 5 4
12 4 10 5 9 6 3 2 1 8 14 19 18 13 7 17 11 15 16
2 10 4 5 8 17 13 15 14 3 1 18 6 9 12 19 11 7 16
6 4 19 16 18 10 7 17 12 3 1 5 11 15 8 2 14 9 13
1 15 4 12 14 11 19 3 17 6 10 7 2 18 13 16 8 9 5
17 7 2 12 19 18 9 10 6 13 15 16 8 3 4 1 11 5 14
24 23
17 1 8 23 2 21 24 20 13 9 10 3 19 7 4 5 11 15 16 14 12 22 6 18
10 11 24 13 12 21 4 1 3 14 2 15 5 23 8 18 6 20 16 22 7 19 17 9
12 24 19 7 17 2 11 9 10 13 14 22 4 8 1 18 20 16 23 15 6 5 3 21
21 4 23 15 20 6 12 3 17 1 19 24 8 13 16 22 14 5 18 10 11 7 2 9
6 5 10 1 22 13 2 17 18 4 11 9 16 12 3 21 8 15 24 19 14 20 7 23
20 12 6 24 2 8 22 5 10 13 17 7 14 4 18 23 1 3 16 9 11 15 19 21
17 13 20 23 8 10 2 16 24 4 21 11 12 22 18 19 15 5 3 9 1 14 6 7
6 22 10 12 5 17 15 1 18 3 4 14 20 24 7 9 16 13 11 8 19 21 23 2
12 22 13 10 2 3 7 24 11 8 1 14 19 23 15 18 6 20 21 16 4 5 17 9
19 22 12 17 2 8 6 1 20 23 7 3 14 24 5 15 9 11 13 10 4 16 21 18
17 5 2 22 24 15 9 12 23 4 3 13 21 19 18 6 10 16 11 8 14 1 7 20
21 15 16 4 12 3 18 8 13 10 22 19 5 17 11 7 14 1 2 24 23 20 9 6
23 12 3 18 7 20 15 14 22 13 5 24 2 8 10 4 19 21 17 1 11 9 16 6
16 21 1 23 4 2 3 11 24 9 10 17 20 15 12 14 13 5 18 22 8 7 6 19
15 18 23 3 11 4 14 10 24 6 7 5 2 1 13 12 19 22 16 20 21 8 17 9
5 2 21 10 15 17 16 18 24 1 23 8 13 11 22 12 14 9 4 6 7 19 20 3
15 20 16 1 7 18 17 22 14 9 2 24 5 12 8 21 11 4 19 3 23 6 13 10
2 18 4 3 23 11 13 20 22 21 5 12 6 10 17 14 19 8 24 9 15 16 1 7
4 16 12 15 3 13 8 9 1 17 23 10 11 20 18 14 22 7 2 19 5 24 21 6
23 3 17 8 14 7 20 6 12 9 22 11 4 24 5 2 19 16 13 1 21 18 15 10
7 16 23 18 17 8 2 3 6 11 13 10 14 1 22 9 19 24 4 15 12 21 20 5
2 1 21 23 15 5 9 11 22 7 14 16 19 17 10 4 6 24 13 20 3 12 18 8
4 9 17 16 23 12 3 21 15 24 18 7 8 6 2 10 14 20 1 13 19 22 11 5
29 4
18 26 5 7 17 1 12 22 2 21 20 4 9 28 15 16 24 19 27 25 23 6 29 10 8 13 11 14 3
12 19 14 16 22 2 17 9 4 18 24 1 20 26 21 13 23 5 15 11 7 29 25 10 8 6 3 28 27
9 21 6 1 29 2 28 13 26 24 19 3 7 14 8 20 22 5 4 25 23 11 18 15 12 27 10 17 16
26 4 14 27 23 8 24 7 11 10 6 3 5 9 15 13 18 2 1 17 19 20 22 25 21 29 28 12 16
29 7
22 28 11 10 15 3 4 14 24 13 20 26 8 29 16 19 1 7 18 5 21 17 2 9 25 12 27 6 23
29 11 16 23 20 22 15 14 10 17 18 12 1 27 4 21 5 13 6 8 3 24 7 9 19 28 25 2 26
2 26 21 18 14 12 13 15 11 9 23 20 6 24 3 22 7 28 29 4 27 10 1 5 8 16 19 25 17
16 20 18 19 15 29 12 10 11 23 4 13 24 26 6 21 2 17 3 25 1 8 28 5 14 22 7 27 9
19 21 26 4 1 10 3 12 25 24 18 17 16 11 20 29 7 28 6 22 23 8 15 14 2 9 5 27 13
2 3 9 5 16 25 1 14 22 19 24 29 17 23 18 4 12 26 6 10 20 21 8 13 28 15 7 27 11
12 6 16 28 29 8 20 22 1 7 18 26 21 3 2 5 14 23 4 19 9 25 27 24 13 15 10 17 11
16 2
11 12 6 1 4 15 3 2 7 10 8 9 5 16 13 14
13 4 5 16 1 12 15 8 2 14 9 3 10 7 6 11
16 7
15 13 9 16 10 7 1 12 11 5 4 6 8 2 14 3
8 3 2 16 5 13 7 15 1 14 9 12 4 10 6 11
9 12 1 5 13 7 3 8 15 14 10 16 11 2 4 6
3 11 10 1 4 14 15 12 5 7 16 8 2 9 13 6
3 9 14 11 5 12 4 10 8 16 7 13 6 15 1 2
8 13 11 15 7 4 16 14 12 6 2 1 3 10 5 9
1 6 9 5 8 12 11 3 16 2 7 10 14 13 15 4
25 3
21 9 2 11 23 4 14 25 19 8 15 12 20 3 10 13 1 22 24 16 5 7 17 6 18
17 9 12 6 18 13 7 1 24 19 14 22 3 25 8 4 2 11 15 10 20 21 16 23 5
21 24 18 6 5 3 16 8 4 7 14 23 2 13 12 10 20 11 9 22 19 1 25 17 15
21 2
9 17 13 10 2 18 21 6 3 16 20 19 14 12 11 4 1 8 7 15 5
15 5 2 8 4 19 14 6 18 20 1 9 16 17 13 12 11 21 10 3 7
19 12
8 10 19 14 9 6 5 7 16 15 11 1 13 3 17 2 4 18 12
16 1 9 3 7 5 2 10 15 14 11 18 12 13 17 19 6 8 4
2 9 1 10 14 15 16 13 8 19 5 17 3 11 12 7 18 4 6
19 6 13 12 15 3 11 5 4 1 14 9 17 18 7 10 8 16 2
2 17 4 14 9 5 6 13 10 1 3 19 11 8 7 16 15 18 12
14 10 19 9 5 17 2 16 13 11 7 8 1 6 12 3 15 18 4
9 2 13 1 3 14 16 12 15 7 19 4 18 11 17 6 8 5 10
19 15 2 10 7 13 6 8 9 16 12 11 14 18 5 17 4 1 3
15 4 2 7 14 9 19 10 5 18 6 13 17 8 16 11 12 3 1
2 15 18 6 13 10 1 12 8 5 14 4 9 3 19 17 16 7 11
16 12 4 11 2 17 7 6 3 1 14 18 8 10 13 19 15 9 5
1 13 7 6 14 4 10 3 15 19 17 12 11 2 18 16 5 8 9
18 6
3 8 15 2 13 17 11 5 10 14 1 6 12 7 4 18 9 16
8 3 4 12 15 16 11 9 2 5 13 10 17 18 14 7 1 6
4 6 17 11 2 16 13 12 14 18 8 5 3 9 7 10 15 1
5 13 7 12 8 17 14 18 6 3 15 9 2 10 11 1 4 16
18 3 16 6 7 10 8 15 13 2 1 4 14 9 17 11 5 12
4 14 8 6 13 16 1 2 12 15 7 18 5 10 9 11 17 3
30 22
6 21 3 14 30 24 10 20 1 15 8 19 7 12 11 26 4 9 18 16 28 23 17 22 27 13 25 29 2 5
19 23 2 16 14 5 8 25 27 29 21 13 11 26 10 24 30 3 17 6 28 18 9 4 7 12 20 1 15 22
17 1 25 24 20 4 3 11 27 12 26 5 21 14 13 23 30 28 29 18 19 2 10 22 16 9 8 15 6 7
27 14 2 29 21 26 9 12 8 17 13 28 15 24 3 18 16 10 5 4 25 11 22 30 6 19 7 20 23 1
13 4 18 8 15 5 7 26 24 19 27 3 2 16 14 10 1 12 11 25 21 29 17 22 23 9 30 20 6 28
12 16 25 20 2 23 18 7 26 10 13 5 22 3 4 17 11 30 6 27 14 1 19 15 9 8 24 28 21 29
20 25 29 27 26 17 10 22 18 21 16 19 5 4 13 28 8 11 9 15 24 12 3 23 14 30 7 1 6 2
18 24 30 11 3 27 2 13 20 21 29 26 17 6 1 9 7 5 14 4 19 23 8 28 16 12 22 25 15 10
7 26 30 20 3 22 17 29 9 25 28 18 1 5 21 14 13 8 24 19 27 15 4 10 6 12 16 23 11 2
20 25 6 28 26 21 2 13 4 11 16 8 5 10 7 24 17 12 27 14 23 18 22 3 30 15 19 1 29 9
7 19 21 29 12 3 20 26 18 23 28 15 16 11 6 24 27 22 14 17 25 9 2 1 30 8 13 10 5 4
7 9 28 10 11 12 15 23 30 5 18 6 13 25 21 22 20 16 24 19 14 2 8 29 1 4 26 3 17 27
24 7 18 27 3 22 15 25 5 16 23 17 11 8 20 28 6 10 4 12 26 1 14 19 29 2 9 13 21 30
7 27 1 14 29 20 13 19 15 2 25 28 12 17 4 6 22 8 24 26 11 18 23 3 5 16 9 21 10 30
18 8 27 29 21 1 20 19 5 22 25 11 13 9 12 15 16 10 17 7 26 14 28 30 6 3 23 2 24 4
25 11 20 28 6 24 22 23 9 17 2 27 12 26 5 15 13 16 21 3 10 29 8 30 19 1 18 4 7 14
17 29 12 18 11 30 14 3 8 20 15 4 2 27 7 6 1 16 9 25 5 22 24 28 13 21 23 26 10 19
27 3 11 12 19 7 9 10 5 6 14 22 18 1 8 20 13 4 17 25 2 15 29 26 28 16 30 24 21 23
17 9 27 28 21 20 1 22 24 18 26 10 14 16 2 13 15 3 6 4 5 23 11 25 8 7 30 12 29 19
17 4 20 15 26 27 8 28 14 21 23 24 2 25 9 22 18 19 7 30 11 13 12 29 3 16 10 6 5 1
24 28 21 17 1 26 3 6 10 5 16 13 15 11 4 29 23 7 9 18 20 22 12 27 2 8 19 25 30 14
2 24 6 17 27 8 1 19 13 11 20 30 16 10 28 12 21 18 5 26 29 4 23 22 9 25 7 15 14 3
20 5
18 7 20 12 13 6 15 8 5 3 10 4 17 11 14 1 16 2 19 9
4 8 5 18 12 7 2 10 6 19 16 11 3 13 1 20 9 15 17 14
20 15 9 19 6 7 12 16 18 14 13 5 17 2 1 11 8 3 10 4
18 20 6 9 10 1 16 4 13 2 8 7 11 12 14 15 17 5 19 3
19 10 7 18 6 9 4 20 16 1 13 5 15 8 14 11 17 2 12 3
13 6
13 1 10 6 7 2 9 12 3 4 11 8 5
3 8 12 5 9 1 11 2 4 7 6 13 10
7 2 11 6 5 10 1 4 13 9 3 12 8
11 7 1 12 10 2 3 13 6 4 9 5 8
1 7 11 6 12 2 3 10 13 9 4 8 5
9 4 7 3 11 2 5 8 1 12 6 13 10
31 19
17 13 22 26 2 24 29 18 4 5 3 25 30 1 20 31 27 7 23 19 21 9 10 15 6 16 12 8 28 14 11
21 28 7 10 9 5 18 24 22 11 23 12 29 19 31 14 16 25 26 17 6 3 13 1 30 27 2 8 4 15 20
22 31 30 17 24 14 8 11 12 10 18 19 5 20 7 21 13 26 28 4 23 2 25 3 29 1 15 27 9 6 16
3 30 12 21 31 17 2 13 4 10 25 5 22 20 27 11 26 7 8 1 28 6 18 14 9 15 16 24 19 29 23
16 1 23 13 9 14 19 21 22 24 2 7 3 15 18 17 11 27 6 29 28 4 30 31 20 5 10 12 25 8 26
7 13 14 2 25 18 31 1 8 20 12 23 16 17 5 26 29 6 22 28 27 4 10 19 9 24 30 21 15 11 3
3 16 15 30 28 7 24 10 20 29 27 13 19 31 11 2 18 1 6 26 5 12 23 21 4 8 17 22 14 25 9
15 31 14 26 9 4 30 5 19 23 1 11 16 20 13 6 25 24 2 3 29 18 27 8 7 21 12 17 10 22 28
3 27 12 30 8 17 20 2 10 31 24 11 14 22 6 21 19 23 15 4 28 16 7 1 26 5 9 25 18 13 29
11 21 18 26 2 8 30 6 28 12 24 19 17 20 1 5 10 9 15 25 29 23 3 27 13 4 31 16 14 7 22
6 21 1 8 30 25 17 9 24 28 5 11 10 4 27 15 12 2 26 20 22 19 7 29 23 3 13 18 14 16 31
3 20 14 18 9 10 29 30 21 6 8 19 15 11 22 28 31 24 27 17 25 2 12 16 7 5 26 13 23 1 4
12 22 6 3 18 21 10 4 11 24 7 30 14 1 23 31 25 16 20 5 26 17 15 9 8 2 19 29 27 28 13
1 14 31 23 6 4 18 2 13 29 20 30 22 26 10 17 15 21 5 27 19 7 24 16 12 25 11 28 3 9 8
6 9 27 16 8 4 15 25 23 20 19 10 26 28 30 13 31 12 24 1 21 2 3 17 29 7 5 18 14 22 11
3 16 8 19 7 13 28 31 27 24 11 17 6 10 9 20 26 4 5 1 25 18 22 29 21 30 2 15 23 14 12
13 16 8 9 31 2 23 29 7 24 3 12 4 30 22 21 19 1 26 28 15 27 10 20 6 5 18 14 17 25 11
26 14 24 22 9 6 4 3 5 11 15 13 25 30 31 2 21 17 1 27 12 19 23 7 8 29 18 10 16 20 28
29 30 26 14 19 20 18 21 4 31 5 12 28 22 17 16 1 11 9 10 3 15 23 8 27 7 25 13 6 2 24
22 10
18 6 7 2 1 5 22 8 13 20 3 17 21 19 10 11 15 9 16 4 14 12
16 20 17 22 15 9 14 13 5 8 4 7 10 3 12 11 19 21 18 2 6 1
13 21 5 8 4 20 16 18 19 11 1 17 9 6 15 12 14 22 10 2 7 3
21 3 9 18 4 8 2 22 10 17 12 19 20 14 1 13 16 11 7 15 6 5
18 17 13 3 19 16 7 1 14 5 9 4 8 11 15 20 21 2 10 22 6 12
10 18 19 9 16 2 21 15 7 5 12 13 20 17 1 22 14 3 4 6 8 11
19 12 6 8 1 2 17 9 16 5 21 18 7 22 13 11 20 14 10 4 3 15
16 5 14 8 7 13 11 9 22 15 4 17 12 10 18 6 2 20 1 21 3 19
6 17 19 2 18 13 10 5 3 15 21 7 11 4 8 12 22 20 9 1 14 16
6 9 21 11 2 20 16 22 17 18 1 19 8 14 3 13 4 5 7 15 10 12
16 12
15 3 16 4 11 1 9 12 14 6 10 13 2 7 8 5
12 14 10 7 11 4 9 5 3 13 15 16 8 6 2 1
15 14 3 9 10 5 16 2 13 6 1 4 12 7 11 8
10 3 14 9 1 7 4 12 15 6 5 13 11 8 2 16
2 1 11 16 12 3 14 4 10 9 5 15 13 7 6 8
6 15 4 3 13 5 8 2 1 9 11 7 10 16 12 14
16 13 6 10 9 1 12 5 7 14 2 11 4 8 15 3
4 3 7 2 5 13 12 1 16 15 6 9 11 8 14 10
7 14 8 3 2 6 12 15 11 9 4 13 16 1 5 10
14 6 12 11 1 5 2 10 9 15 13 8 7 3 16 4
13 6 1 15 5 14 11 3 9 2 8 12 4 10 7 16
15 2 1 11 16 14 5 4 8 7 10 13 12 9 3 6
7 2
1 2 3 6 5 7 4
4 3 1 7 5 6 2
