2 26 6
4 10
16 14
10 6 37
20 4
19 20
19 2
8 4
7 19
7 14
3 17
1 19
18 1
15 19
12 28 15
1 10
5 19
19 3
5 6
6 2
8 2
12 16
3 8
17 12
5 3
14 13
3 2
11 27 3
1 17
2 18
8 1
6 7
2 3
3 7
12 11
16 16
4 4
12 13
16 18
1 6 26
11 11
15 22 16
3 4
5 13
1 12
18 19
2 15
12 1
11 19
8 10
12 11
7 16
12 2
9 16
6 8
9 6
7 14
11 16 7
2 19
3 10
15 15
5 14
5 7
20 16
4 15
2 7
11 17
1 10
11 19
13 25 9
4 17
19 16
8 11
19 18
6 1
13 12
11 8
11 2
1 11
11 18
20 5
15 14
6 13
11 23 4
15 9
3 10
3 9
17 14
3 20
17 5
13 13
18 14
13 3
17 16
13 18
1 1000000001 100
1000000000 1000000000
