14
32505 1785 28336 24978 20297 9663 11136 1793 21925 4085 20801 21464 29456 28963 
14
5639 13451 32213 23655 22162 5852 14412 8454 25573 14222 28020 26645 22121 5945 
79
10117 17236 20739 18511 30290 4549 27495 17729 870 9744 9781 12040 29626 22358 27098 17135 27582 25434 15330 29668 18427 21647 23739 8490 18678 3702 29372 9550 13912 29734 26213 20828 15693 23852 21481 10322 3626 19606 13801 28373 32082 7755 11651 25379 11098 7838 2955 12617 30827 16418 32536 30614 18152 25535 3395 28495 20817 26373 13867 3492 5992 27841 27453 12515 9874 5070 15026 11756 16767 4142 21592 20965 11021 23129 19350 11311 6250 26837 15018 
65
3705 10247 11062 8658 11896 9289 26619 1060 13791 6717 7140 30815 13707 24928 25158 1812 17435 25826 11366 1028 12187 7861 8252 472 29280 18660 21622 11794 28466 14630 3520 10564 14513 6835 24899 12159 26609 31318 24683 9487 18024 22723 12782 23397 20234 14124 15370 8789 19122 21007 17422 31106 3012 32338 10011 30230 3344 23697 4140 12470 30714 22199 20308 20405 21976 
16
13895 391 28828 3597 7708 31609 9907 22338 31313 20640 13869 5964 7440 13583 17181 24829 
73
333 7491 31021 10879 2567 2280 3082 15039 8193 3850 19632 32238 19538 6329 13050 13131 7377 22977 19351 31893 5323 20105 20064 27414 5623 20795 28392 24032 21931 2597 6997 5463 12879 16224 7535 8175 32019 18351 20983 1079 3037 9385 27194 19479 10117 2075 27622 21845 10821 18600 25371 2910 25195 2482 31429 28228 3409 6782 28458 2819 32399 20626 3775 18696 18287 24930 15680 12532 29346 32556 11519 4253 10289 
50
17021 8277 19894 32453 22071 3440 30411 30360 18626 3584 14787 30710 7450 25059 15512 8252 3384 25856 3621 6956 19682 5837 8085 1683 28359 15125 29212 14632 8139 30712 19685 28856 11424 5427 3915 11136 1430 16545 29515 12507 13492 31746 21561 3357 31239 6140 19891 1214 570 24671 
33
17083 27495 23981 15785 17977 3117 20442 26345 21355 12547 18000 30176 27575 17355 31030 8365 4372 4523 18418 13485 22711 8984 236 20279 4334 23091 22165 3722 32332 19289 9641 20227 29702 
14
28849 18580 19357 13209 13515 8305 32701 27470 31661 17164 28262 26408 20200 6724 
10
5661 28778 29657 25461 21526 31815 11300 7986 2631 22457 
34
22317 10684 4453 12572 12246 13365 5855 2876 22023 18228 25457 21020 17382 23892 3096 30800 19724 14812 19664 30840 13799 12948 31505 3512 23132 19416 410 20584 10161 23274 18797 2828 28075 8845 
40
23430 19187 7631 2881 29834 14526 27942 2387 4947 31149 6590 24472 32148 28658 8978 23926 7090 7861 2746 7408 816 23222 21123 22637 1387 28211 8389 19899 5767 13324 32497 21075 8361 28197 26218 31967 5990 23308 3990 2041 
45
20188 14132 21046 24256 21345 19952 8035 18520 4988 17972 32526 31018 5577 29762 31817 30868 2688 13440 31402 29022 12441 19474 25750 14061 5684 14254 3775 10937 14391 23724 29932 5633 17721 20573 13305 19389 1951 10654 25886 9940 15108 4269 15988 14479 20703 
16
7348 15181 26719 29378 23106 7545 32154 23320 5995 14522 5095 16197 22507 2409 24456 18066 
80
31304 12941 994 18665 6257 12532 26949 13615 17292 4117 6603 27688 11845 25918 3478 7480 17150 18330 15411 27276 16576 18775 16683 19291 9336 3079 11988 25451 12896 29767 877 29654 13243 16543 29802 18702 15557 1962 1037 18975 3818 24951 5430 3380 27446 16430 29052 5469 26893 15351 30076 7567 9500 22039 22385 5357 23695 30556 15366 12357 18564 11708 3432 13534 19904 27961 18590 24689 21665 22536 13597 4725 23892 20977 14999 6815 9288 25337 18709 20650 
64
11583 1861 22868 14451 31268 15125 15529 10087 8878 8320 12675 4799 22319 8872 16978 14273 2593 11046 12057 8174 597 31646 12473 26420 22605 17814 370 12901 25318 29832 20135 27112 22329 24117 30689 3247 8132 19773 16151 12136 11973 6637 20013 31736 20455 17752 13754 17701 15648 19113 18702 658 31450 6839 31604 18673 16209 30170 8884 4724 26940 6142 17116 27524 
64
27381 18240 22454 17728 13074 19648 763 4201 27123 24905 4887 2861 15262 23711 11604 32766 22992 13913 1143 18911 6545 32045 755 9670 3852 21357 25949 13124 7070 5330 22816 26727 8749 2425 29554 31968 21947 18987 5254 4193 22074 14817 2819 4169 4002 14471 2998 8323 3906 29441 20867 2987 17235 29804 31138 32371 22739 23718 28680 4678 11153 24592 34 27435 
77
29842 24009 27883 25184 20448 14963 19318 10347 6908 15014 31363 3981 32509 24499 16503 9639 28430 14752 28808 10022 21433 30054 4130 7896 31590 7005 27529 14334 29726 4596 24001 30370 12949 14501 20395 18987 10856 12072 12912 11822 15267 7399 31010 19847 6534 3251 21921 23465 3721 12469 15548 6194 16797 8871 30105 12483 24757 29764 14423 29966 21637 9212 8177 4400 24969 18925 29542 16962 23114 4367 2583 14634 18141 20654 20336 8119 9644 
71
10698 29678 10617 20138 18576 11678 6303 4557 7585 25147 12699 11173 1526 23272 14540 12196 25989 20694 4983 31625 14949 17357 5134 25230 27442 7944 23474 6371 21683 8262 29942 29532 23226 13598 3046 20327 76 17043 26440 14144 19202 2792 1825 5736 30127 9654 3195 4691 13891 15931 20070 23392 6896 3061 16445 2575 17035 14703 3370 23663 29748 11612 3308 26581 23097 27106 30168 4819 25656 30264 28702 
97
5252 1651 28238 11637 15562 21917 28443 3440 28149 26120 3166 7004 8014 7137 31582 20985 20712 26120 25166 9784 11579 26911 10007 10993 28175 24802 7000 7384 2204 11190 10667 27310 25839 13444 26667 3508 9359 11975 13363 18021 15457 22756 15208 4452 26057 14523 5625 26804 11026 1659 22053 9511 4880 14778 12542 5145 12291 27845 9325 5469 5567 2612 15991 21880 31498 30914 27070 30733 2630 14684 25419 18073 9552 11128 15754 14177 8359 27560 5270 24744 14801 111 22455 11300 19706 18771 19498 24243 3551 25651 11552 18507 18410 31963 3336 12335 27038 
63
23569 20841 24374 16771 14315 31604 137 30316 26830 11065 5681 466 12222 12349 14828 15757 18957 12824 5698 1555 20001 10793 18793 8662 17784 9608 28517 13011 10216 25404 6003 26215 7212 8878 10408 22373 8604 13918 31190 22119 1852 11989 8367 3169 21496 12763 15405 11132 1070 20969 15921 8737 16493 31201 30826 1107 29053 16637 28792 8003 21919 15109 16209 
23
31509 6342 32740 20266 17381 11455 4349 27665 22235 10269 11881 24701 8653 9194 9562 15332 20770 19073 10253 5030 24725 13637 1193 
46
10551 21138 17259 31059 4275 26612 28672 15523 15830 1175 4658 16633 30287 30719 6599 23571 2483 8441 16806 5964 28100 10450 11836 25711 28658 32454 19230 5321 8226 10171 11248 18050 22703 13872 29829 15405 1966 32368 3143 21149 7543 23307 8410 2298 17505 5510 
57
20245 17868 18258 28848 3577 16485 18171 25499 7875 5029 30114 12974 9139 9371 173 5 30594 24556 27581 9231 9974 7448 30432 19184 10421 18174 13577 291 18263 28067 26301 29540 29118 9519 27918 26061 26026 22072 26829 9791 26760 25411 23036 32259 651 18312 21378 26289 28670 4854 5922 1617 15577 26487 11694 14017 16018 
14
20344 7255 24629 26013 12554 4038 29879 13795 2071 24390 904 8134 23729 10991 
56
31189 31419 24678 14202 5746 6050 6588 8862 14806 72 25491 17660 12629 25409 11907 6109 28643 2882 28604 31679 21464 7638 13548 3239 31216 12883 12131 4282 16790 21773 31349 13575 26210 19145 8479 3240 21216 10357 9966 1545 4243 4886 6173 19079 31033 15361 25853 15421 3409 27982 3226 1562 5083 14986 23196 29239 
64
10668 15467 31336 5168 26698 29079 18194 11250 24845 7030 4156 29274 17763 28687 5352 18229 24435 5174 7331 29100 16470 24825 14171 12486 7812 6203 12145 13614 30860 19615 25103 26679 20489 168 29116 9245 4305 16670 1837 16782 30831 16051 5214 7784 4564 10982 19938 453 6473 23592 20088 309 23720 32061 6366 19274 27596 19430 27626 31578 11590 10941 7382 23168 
90
2656 27612 12772 11529 28113 1794 4668 28631 3613 12088 13459 5424 24892 13216 22601 6271 2105 14125 16988 24927 26771 29807 16869 17934 29922 29613 24038 4638 26813 26421 4162 25966 31708 8688 12813 32601 20602 23609 32006 18989 8445 15087 18018 15071 28889 19657 22220 22781 17586 29162 937 739 9665 25014 28064 16946 29816 17123 2138 17534 20073 2515 20358 19527 2916 4385 19745 11819 5599 8314 21748 11865 8859 21934 6494 21065 2949 9222 32083 31403 20955 24025 18341 22941 2959 31834 7042 6432 16368 6580 
4
17869 30599 20825 21075 
33
831 31382 24487 17382 16074 29036 24845 26436 21055 24987 9997 3798 14088 18431 16360 16753 1019 7711 17623 25075 17607 25604 3220 10177 24722 31815 26395 31603 21472 3694 18098 3021 16823 
66
31271 12017 8193 28855 23641 25556 817 1246 7417 2031 19753 19291 1682 5431 17243 6631 26055 31822 20527 15451 30173 28411 29605 12997 30329 11992 10044 5563 20138 13386 14610 5359 24873 16822 25164 17412 30176 14066 7352 10656 23722 14586 31665 17603 11610 485 3140 31831 18686 27927 145 11528 101 5047 10867 18773 990 3428 2403 16359 67 10531 28569 7202 3382 12956 
30
5371 20651 6023 6686 32265 31655 353 17513 20190 1094 14179 28412 13463 16643 23732 31923 25010 18740 24286 19010 4128 16084 10367 26140 27035 25989 27713 32660 19002 10965 
80
20802 4419 961 24697 2729 29760 17272 9354 32022 2133 20321 2457 4043 30160 21598 22415 16221 2562 24915 15702 11355 6990 2786 30097 32048 29567 31865 9098 5963 13406 6799 31851 29565 27269 6698 4274 4514 17006 12709 18911 20355 5071 18096 28783 9979 14122 15768 19982 5977 22943 19913 16393 15878 17158 32657 19970 25192 16954 14118 6375 30981 13239 28907 13861 25068 22120 4847 19224 26193 25274 30646 31942 14711 6133 5693 1998 211 13260 27448 5275 
95
2099 1950 7133 139 9072 26727 28474 32138 15989 31637 14912 31500 25965 30321 3999 26968 3733 24855 22165 21501 4941 31540 11433 3257 16239 24079 3996 32154 27359 32710 25501 26211 20835 31706 10684 2353 7349 17646 31393 2654 21719 9164 6526 1958 10919 10153 13122 10888 20659 27562 7696 14831 22094 21927 11503 28434 14564 12846 27587 4505 8074 20939 22396 7937 29913 2950 26253 321 21245 18606 30111 6318 30217 32213 27783 7452 10381 13596 12150 6726 24171 3505 12400 2928 29158 21653 13568 23114 14076 6819 9257 17688 22774 27598 28831 
89
13885 2986 29496 9731 11887 23342 18845 3136 5810 19384 3397 19894 18505 849 30372 344 32101 5682 16543 20422 28733 31112 24644 7209 28768 4981 25784 13406 25162 3159 4976 19544 23862 17740 5284 18623 23348 6134 17409 7389 12155 17275 31135 16315 14080 10960 24370 31879 30536 18488 9604 8761 8058 31239 11811 22135 8120 3244 32086 4021 19119 9710 2134 31392 13677 30070 13243 20157 18803 20110 5685 22093 15628 3880 21372 11637 26077 30754 9098 31899 6588 23240 23047 12819 4550 16283 517 32507 939 
18
25069 7011 25933 24348 31673 5554 3722 19759 23908 12612 11605 639 21919 6232 16396 19654 24774 25898 
66
27598 25106 18012 13931 30956 32016 17050 7496 26570 9042 24446 24290 1130 10852 12209 18763 4712 32257 3156 15412 29056 17031 32158 32514 27471 31657 5830 15652 3678 2916 18723 7331 14940 7476 29330 8954 16811 20871 11032 23593 17439 15730 5576 30725 9986 4771 14567 20946 20059 919 8527 5651 31599 14349 21777 31393 29833 26042 22878 15611 23031 24894 20392 23261 19541 15191 
65
14612 18446 15956 22227 11408 23071 24525 5025 6587 4638 31378 14157 7689 21883 25825 27498 30672 30727 14044 27878 8283 15794 21817 15337 19514 10649 5180 768 17883 15936 1762 31099 22111 4891 20064 17684 12454 25428 32203 7889 4780 31176 26137 16171 4377 7763 24136 21871 16659 26701 23517 3685 13399 6740 28560 28208 31624 27468 31302 373 8902 24741 11839 10687 23683 
45
12433 2338 20114 19781 28373 20767 13697 1543 32032 30920 21033 21352 4149 7716 21891 16715 26616 5845 16062 4598 15910 29688 24462 281 3396 32077 31430 14348 17365 26520 12585 22361 14288 19015 12413 14714 28241 6228 22754 21220 2959 8301 19554 21316 32526 
12
7369 27656 16406 30592 2999 24609 11875 9484 4339 16647 27422 15569 
15
31998 15884 28622 15865 8857 23302 17353 17551 32124 7081 13880 22390 28773 334 1634 
13
12398 4924 27330 653 17804 27933 13740 11115 29788 4527 11571 11360 29983 
49
6729 5283 7170 30540 21288 28826 22180 13593 17649 15599 8914 31299 16531 4070 25237 29253 3823 27886 12654 6440 4154 30326 7904 7159 27298 29185 29231 7538 3124 21117 23400 13062 1021 15568 13729 11773 30319 15029 16002 1267 12551 4038 26372 29065 8493 25817 8569 5725 12892 
61
20685 16697 22402 27692 15627 7562 17322 30626 12578 27412 5592 10225 9706 3301 31796 11442 7778 1159 4715 4593 6460 11642 32595 30523 15259 19681 5582 15608 6427 18812 31984 7164 15634 8150 9060 23384 22805 26304 523 6262 15550 30717 29159 21861 31405 4415 6456 16753 24269 339 13284 28663 6616 13720 15132 29047 17950 15285 12349 747 10626 
56
3828 18263 22725 11625 10918 16290 8199 4223 31503 29860 21642 9622 7209 1920 29626 4606 1359 7220 13162 3783 15266 21102 26465 18484 940 16546 24597 20844 22083 9561 9910 115 7344 17100 14958 18009 30737 6321 13032 22449 6140 28757 27663 14661 25701 28395 7960 1288 32450 8739 3266 31564 24172 15103 7388 13365 
46
27363 5896 1390 16808 5867 22720 28698 28268 21888 11414 11022 27245 27182 9920 7485 22043 13232 10963 23667 28261 16461 32463 1095 22489 31848 3932 31051 9484 12114 18771 27781 7228 14946 11392 13091 52 20040 31655 18026 24688 2718 11716 32752 13442 15296 1175 
24
18100 10974 27744 7305 12783 13391 2280 19873 30427 6184 5056 7978 27720 14606 28621 2059 3789 15688 5637 6643 29614 17944 16243 4938 
48
12620 28801 19815 23831 6416 18806 23299 3855 1542 16446 27373 31436 1945 10090 17152 22034 9870 9847 26451 25833 26075 1875 16815 21315 17853 32029 23878 20960 32005 18476 2721 31343 23730 23380 32731 16118 4549 26212 18701 26739 14673 27123 7433 26820 31442 14429 27211 964 
60
2056 12332 5047 18275 31468 30809 27880 27112 16210 1156 9360 30133 11739 1113 16122 25594 2245 26548 2277 14728 16490 8465 8234 31975 24841 27716 28574 21154 3529 28010 8762 13286 11515 15391 20857 29515 10656 12017 29442 1010 28203 31509 18823 14032 31880 31833 23789 25161 18268 14682 15789 10241 12431 30711 6010 19695 20744 30213 22308 22451 
88
6724 26556 26921 15833 12690 19193 830 26231 3167 4314 12802 20272 4193 29325 19199 13369 4745 5264 14026 6562 3381 13334 30935 987 1703 17324 27025 6518 15286 15132 22186 4654 25283 7825 32176 5929 6895 253 5346 30842 23435 1464 22081 23530 30673 9578 16618 18680 2769 14890 1186 13854 24493 5863 19379 31574 10761 11783 22263 19933 8894 2895 8242 10551 23758 9475 30372 18803 26269 18510 18911 6832 2910 9443 5847 16864 18635 15333 11064 8908 19737 13829 13052 1881 4395 25834 17468 19465 
51
29653 23878 13764 29829 2949 2289 21721 16973 27992 7469 6464 26372 18868 18398 31778 11966 21925 24043 25242 32440 25543 8337 7614 25929 1127 27902 11225 26133 28901 2587 7931 22148 18012 2217 19636 24179 21381 27023 11036 28969 32217 32370 32534 21132 502 14471 16342 31892 4932 22949 21409 
78
7896 15263 2516 841 13721 8656 30248 1749 24993 18679 4404 19820 27366 10566 16948 29168 20249 7861 13832 27464 28878 27548 10112 17309 16862 18817 31958 20425 27913 31790 24188 31500 17120 6919 11032 31489 28131 1179 27854 32721 12774 12409 13245 13479 15033 21317 31180 9316 15879 2315 29606 22163 29823 31186 29443 14495 11826 11381 15914 10051 1596 31662 179 11331 31143 24948 14738 17498 25996 3207 19025 16755 12411 29769 2973 7452 8989 24271 
21
20279 13336 3384 22013 31986 19251 573 30249 5114 16315 5898 728 9708 5669 21068 27599 6157 16628 13708 24905 31546 
47
29883 32059 8226 42 19470 4572 15282 9564 26636 16741 12241 6420 5093 17173 19534 19252 8709 31097 7190 17217 17129 15850 4779 26636 15921 1367 11729 27281 16887 16965 24459 22559 15456 10259 21573 6073 29552 13187 26963 22205 20259 7286 26522 10435 2489 5367 22157 
65
14929 31099 31580 22924 28089 22119 22631 23352 16773 26323 16633 7236 13662 28814 21811 10136 9885 8546 31302 16881 10777 20889 8934 24711 14396 20415 31739 29421 24413 6570 20889 1080 28745 9912 16434 30563 22819 10072 1546 25330 8815 24012 2284 20438 17001 29741 25628 24465 15003 29615 4748 7578 13230 16678 2386 3 2945 17097 22106 23385 2424 4918 5976 19916 11543 
40
23809 25999 19151 32708 20091 1666 27415 27593 8466 21263 8127 18729 14380 7249 17281 23938 383 7548 22490 19251 24961 1657 29976 4379 17440 6608 179 14244 9652 25035 7648 20224 10290 16601 3172 8883 2210 24880 27046 18002 
60
18358 2057 24458 8525 3618 20600 20835 3975 2142 25155 11462 5210 22832 25897 2622 30390 14874 16822 12539 7828 31359 13263 12060 23595 31238 27531 18222 12135 8772 12356 22255 9111 9109 14830 7000 4966 31050 13480 30171 26892 30986 8849 5866 11973 29042 4061 12728 898 7167 19752 7491 18399 26158 9225 1682 5974 21985 14827 6203 25010 
34
5400 15145 14534 12402 30743 21660 9822 13842 1848 9585 7798 24134 27757 11940 25002 23685 27995 16147 25582 29511 10161 3717 2943 1825 26553 2538 23578 27953 19757 13541 25195 30908 12875 17543 
41
3094 2347 22366 5663 12482 9041 28334 9261 31451 6015 3326 497 15282 14796 7638 30049 18361 23034 2760 30555 21408 15365 8621 4318 11453 32504 12337 6266 20657 26116 30866 25605 10313 14291 25508 17040 27042 10266 5145 21145 26001 
23
16127 2179 17473 30040 28042 31043 29982 28843 3092 15707 22002 8725 27234 12 21838 11509 4393 3783 5164 21100 4304 31974 19154 
76
11640 12185 29946 30908 3130 26147 2351 994 17839 4678 16250 25638 438 5371 11070 31852 113 13159 11361 24338 13457 22539 31660 14539 21204 29755 22133 23979 31435 5585 3451 11390 23777 1314 31505 15454 409 32561 9343 2181 5655 24611 2725 3679 25058 20979 28129 4579 18920 21351 2355 31780 1219 11075 2207 2083 25658 7100 16083 12776 22539 27183 24074 7121 3560 3859 14384 24105 21183 8749 19015 29948 6462 22274 5897 16426 
40
7570 5327 18875 16000 15171 12977 18034 4990 28700 14575 1189 10340 31795 2192 15692 32278 6505 32328 31575 20627 15700 31903 3397 4659 14205 24912 13554 11309 32716 27119 2480 10331 18752 19407 16538 10306 11491 803 20261 19789 
55
7523 7160 30297 12425 754 12798 30326 9957 1021 10681 10476 9166 11430 15577 1661 2955 9314 14349 8170 1895 7327 16153 8633 2661 4779 5929 17716 3632 26833 27492 21173 7249 6853 16325 6433 30628 4418 1574 32435 31245 22769 2462 3835 31335 16525 9229 10790 20157 8773 29173 14719 16061 23649 30860 3382 
38
15657 29199 18272 26896 26114 13400 30784 25725 27099 26035 20421 13422 10951 29678 2131 24136 15083 431 28359 7432 17563 15882 11189 5501 15808 23123 12787 6837 27261 4657 30300 5813 29458 31220 21710 27500 4352 1833 
38
24554 5998 1899 19788 28110 23243 31100 14560 765 15285 31892 10328 2970 22809 18936 28082 22578 11676 27855 13903 13366 7226 11313 7346 16559 12333 23426 1925 26413 5137 1278 31196 30976 1093 8852 14526 20139 16532 
77
27106 31638 16661 26868 4022 27139 12879 19199 1701 29507 31905 10512 26522 18474 23266 10932 29632 15808 17476 18271 28045 21049 11646 4863 766 32296 25898 14551 11556 9711 3947 6283 10463 16250 1236 14711 27882 45 6277 2117 16663 10010 2455 4799 23260 14200 9147 13793 8975 14160 21277 29235 2286 18042 12175 23126 1634 8648 17123 20444 14725 26241 3736 605 14177 10769 5306 25798 31739 14846 26627 3317 7056 6174 1862 12675 6430 
1
2062 
18
1574 15048 21634 5287 20400 471 139 18472 23697 31306 31289 29002 24809 10057 6499 9365 2799 31427 
35
25993 27889 10080 4368 10293 18582 20151 31862 4357 8039 24514 11554 26332 11405 14734 5177 27490 11228 26167 6844 3488 4625 532 15348 10954 6744 9007 7956 20827 19730 21752 29722 14951 25556 31802 
35
27949 11955 14157 17390 16621 24255 3726 19521 12537 22989 2316 12810 14093 31610 31108 3176 8163 26476 6032 3292 3587 20699 14619 8946 7897 23376 16408 804 26121 30893 4211 5371 13063 26734 8776 
92
21730 15406 1108 12977 20576 1389 25257 8639 15440 4240 26021 30680 14364 20777 32036 17848 12446 25465 27637 15430 26420 18228 10123 23925 28439 14211 24565 13416 5352 17487 17425 22745 25740 4285 22012 16827 16698 23285 25548 11038 17362 12584 30850 4948 21361 30673 22842 4946 11330 9531 25253 5720 18583 22083 23225 13525 24632 8287 2727 13957 29178 17631 13582 32732 2964 10611 15470 28327 17327 14830 3551 27121 6716 5961 9219 10531 13066 14315 13881 30320 7832 23847 26643 28784 9512 519 3339 3851 18452 10056 21617 28569 
6
8357 29096 11335 27042 18265 5266 
86
23526 13791 17993 19966 4149 28924 32272 6031 23568 8703 649 17371 10567 17992 27432 7638 8975 30727 21991 17889 14676 13382 9531 18414 28241 16938 23111 23780 8797 8053 24400 23365 21000 5712 22130 6926 31334 24648 16529 20702 6059 31382 4242 9307 29176 4003 32458 1489 11381 6603 12470 1821 19104 9057 2285 15306 8165 18420 13140 25721 23918 23249 16785 27014 12860 22217 27586 26856 12663 31541 18798 23385 29442 14903 5819 5304 8787 23618 23010 9131 28546 31964 31969 21640 5791 17570 
45
23414 29001 1165 9525 27087 18044 5749 1083 13001 19627 9939 6049 9046 4623 19403 6799 20808 16190 3434 12142 26041 26623 17196 22361 1706 24157 27329 32206 1002 15354 23568 27818 19258 5542 32381 15444 26542 3376 25447 5176 4182 13692 27125 20343 2590 
59
20499 23004 24819 4486 21687 22803 15399 29861 20329 30229 21015 12079 24834 23271 16139 23897 8628 14468 17245 1060 28746 26904 11486 25906 18097 622 28533 17624 14264 27820 12553 22134 31252 20798 19617 17155 9383 30224 4298 32236 2 22784 15674 23583 4392 8083 946 8546 16788 12006 4137 30698 18558 32744 23590 1577 14683 967 20846 
64
23459 11432 32735 1940 12246 28315 27292 28893 17857 19662 12394 15741 18430 18177 4954 9046 24762 15161 9129 12992 23482 4025 4580 28705 10656 14638 27727 11198 10347 28970 19336 3024 21822 12499 12904 31963 19298 17373 9514 31803 13453 1973 15311 28927 3685 11007 13248 1787 26944 323 17590 16409 1070 16099 15575 12272 27193 12625 10274 5528 29931 18302 1804 18364 
46
32406 22635 9968 6847 1770 31380 2629 8596 13614 10176 23067 11839 5092 4533 19767 30786 10520 24738 31766 17142 17486 6474 16000 5328 26809 11876 1888 29666 10157 16706 13010 19365 32599 21938 31358 24565 4524 32034 1061 29021 18335 15623 15993 30357 13463 13439 
51
3913 20000 17716 7518 5148 19424 17284 26360 26605 17358 29152 18621 28249 22174 19314 31035 19329 127 25091 28715 20749 25097 21275 5888 15473 5489 6250 26560 10862 25600 14182 28179 25564 28611 5174 24218 26536 9603 27599 14465 22041 2807 14685 9560 8535 15673 2788 2846 10029 13175 2343 
84
6158 6635 14025 13313 20310 22797 10930 9113 211 7431 18868 10499 24452 29033 17262 32369 8608 17694 22129 1603 1498 27295 8098 27864 15844 26726 30944 7332 25138 11686 10982 14467 21248 32569 30322 4173 10902 12505 14503 17323 9419 32404 11951 1833 8136 6778 7334 16268 6670 17049 23475 26469 20923 29483 4984 29414 26888 2317 8877 9717 13335 26739 31495 4223 5100 31707 29791 9487 697 7999 23312 7583 13662 19343 15777 8878 30256 5726 15780 26770 7417 23004 26589 14096 
98
6404 22439 3882 15308 29718 10644 25400 2148 16712 340 5434 24793 7608 9944 12141 16453 2726 32438 2844 17812 27360 25040 22969 26692 29821 6193 17452 27242 27342 31543 5227 11254 13458 759 7499 17207 8809 17117 21654 32418 31116 6547 21341 13263 5818 6180 12431 32708 15734 25698 27083 23670 26479 6789 20083 12173 10304 29204 8450 13928 31065 10761 25247 29537 573 48 31986 82 12527 14288 15926 27224 13990 29581 23439 31446 15560 26253 28062 4541 26134 8410 6995 29963 28708 31495 26371 14738 2317 25879 20923 10491 11620 7322 18643 18698 8814 3609 
51
26660 24718 26036 10305 21262 512 4874 17017 6135 2506 17497 28610 31417 5872 7398 1374 32348 22504 10912 19858 10203 21069 24320 11519 24107 21208 3891 12848 2938 6539 16251 17264 25525 5679 15827 24286 29772 18689 20434 8387 24889 7081 30673 1058 29503 18027 5456 4497 23407 5537 25750 
45
20465 9065 8600 3448 26113 22939 21020 19934 19768 20478 31518 32151 20493 23227 17779 29238 15771 23825 21932 4884 8357 13387 23357 15335 26583 20207 6879 11670 25422 17465 30770 332 15195 32711 17063 20940 17540 21910 18845 3844 21708 4653 31690 12260 32309 
21
5597 13936 21122 29592 9313 14868 5185 14745 23781 27704 30985 28388 4698 19221 24833 8854 18620 30407 10145 20177 11253 
16
29117 32433 28158 11466 7359 4226 20551 19966 13108 26672 23641 17333 2698 9726 4026 14956 
84
13691 32528 11838 31582 18611 13450 24501 5006 5026 19836 2784 1612 23534 6985 5286 22962 12501 19334 8793 21400 24419 23388 20367 10258 30441 23086 30253 28985 29100 16252 15556 21551 21978 22536 24353 30557 25282 3639 25887 11775 7747 4537 15296 31971 22149 8812 25724 23661 27624 638 11993 23519 30522 21459 12348 2519 8237 25766 28159 17946 14344 12146 28099 24719 27804 4627 8200 10639 10106 40 22779 22364 28003 13501 19342 25838 20992 10023 15054 19958 21459 18222 21874 19485 
23
17522 28591 31116 8419 25863 3924 31922 15995 12131 32274 8513 28587 27514 22043 634 25923 16167 15600 10923 20457 27086 16499 19446 
63
25408 2628 30291 12415 25054 23882 28376 22375 3074 4496 3129 23027 22682 595 15499 11886 25366 8793 6221 30957 13957 10884 9896 20102 21498 5798 14070 14525 30773 25751 29570 3391 25727 18821 4494 28115 11990 20876 17051 1165 23882 7558 19172 20548 20647 13093 24876 5447 16980 4927 15289 17996 22907 2664 28321 31145 7018 28614 32580 16071 15162 17953 20762 
80
3246 29498 20399 7094 7773 350 31211 17480 16148 7994 12951 11456 29302 20977 31261 25712 6373 3436 30095 14767 20134 9970 26347 24854 17983 22008 31390 7407 8740 14138 3654 30954 4499 1546 21692 28178 13501 32744 31570 768 3110 9812 13401 15438 30542 21216 19175 29007 1681 20873 9175 22781 9292 30023 20496 25395 22849 23267 5131 12829 12349 19977 2191 18412 31992 1182 14527 15566 2620 9299 24919 4381 29513 18043 13619 28630 11385 28186 19217 30030 
45
9278 6295 20000 31926 11922 7832 17002 11576 5168 10899 313 31947 25783 20860 16449 11427 30109 1983 978 19235 2503 31363 8967 30533 5975 3627 23617 29501 8134 9763 3539 19033 20018 6617 26367 3628 20473 31497 9506 28395 7046 4414 12587 13079 6507 
27
12625 21084 25520 16837 25350 14266 3947 18780 20774 28386 13457 3148 14965 16611 10252 15269 15432 1029 7182 24996 5506 8949 6820 16877 5570 7971 3726 
62
3291 4713 20046 6499 20101 29677 23935 23256 7762 9288 22632 1132 6115 1256 15825 28827 26459 7858 2837 7968 26132 7148 24185 7681 28561 6491 5052 971 692 4776 3824 24351 817 28169 10632 16237 12099 27421 30129 15104 7582 30999 19430 5691 22436 14366 22206 28706 25563 10740 4361 6172 21663 21974 27164 28918 12052 25508 1129 1324 15967 29250 
80
12388 10006 11582 5440 572 20212 26035 17135 15941 27858 12909 5388 7503 21714 23373 9985 13288 21726 5103 17936 8735 13649 18827 6046 28814 12787 2073 31186 16023 32555 15033 21087 9709 12144 19281 16286 30550 3329 25976 24544 13488 15318 24723 8962 27698 14294 5437 23106 22773 842 8685 31312 27827 6546 25298 17321 9934 31254 8450 17696 23700 24448 15572 27837 22209 30505 22410 6859 26693 11472 16436 27437 25160 24210 10193 10481 2412 3350 24758 8232 
55
23561 11572 16884 23391 30410 24949 20194 4544 11622 23719 31610 16299 24006 7516 17173 19944 32039 30001 23791 21137 21963 8110 1917 32534 19694 16494 7681 12163 17660 3200 11355 32518 28673 8972 29986 1452 9825 22842 7667 9067 5577 32079 30217 31845 23653 21786 2830 2667 25684 23438 49 26560 4953 432 23417 
13
8915 30388 15705 19713 13295 15202 13956 32281 29724 1215 12290 14112 26047 
79
6532 16855 8488 22852 20981 23369 8645 12499 32337 32593 29590 21993 17082 3420 21729 14336 4553 10864 8231 10985 1570 1134 4694 25638 31307 23188 16704 26516 21182 28485 22092 10061 11836 18189 24940 23244 28773 22752 22607 20818 23174 5026 5591 17289 9906 23789 28109 26727 22804 27918 10452 20822 15235 11344 31899 20882 14167 30078 21591 29906 379 24995 32113 18730 19652 276 3195 48 30337 9648 3689 11102 24916 8807 23038 6071 29248 9209 5508 
46
25602 1792 17600 29251 25765 20273 29477 8815 12625 9183 20040 27074 9316 30144 17556 31562 27075 12788 31807 23480 19827 9795 13948 1982 22627 31399 29427 22971 12172 25610 26478 29338 26940 29776 8149 10743 19631 11160 23132 18820 12256 11967 29691 6060 26526 18214 
8
30070 32226 4022 11935 5035 8800 29473 9969 
28
2396 24426 14238 9437 11455 21159 25331 15350 9066 9478 2553 10428 714 13326 31400 3483 32429 21287 11864 25560 15188 9565 19576 17268 1481 17505 17794 25171 
28
22736 6702 3741 16871 1976 8935 10341 31745 22873 27515 24200 20788 32040 30486 13016 23070 3866 113 2426 27999 16926 2631 18317 21420 5099 21513 17676 543 
58
1746 5622 20177 22490 11933 28332 21419 7834 21430 10138 29561 5542 18542 9241 13632 21696 32531 8340 27090 5956 31775 11242 20383 8365 14512 20500 10446 19034 2360 11784 30605 7827 23670 4317 21669 9415 26277 15407 5201 17175 3315 31173 11600 22809 9524 10865 5689 30677 24024 24120 3343 23316 25114 14259 32021 2011 3707 7861 
