22

19
12 3 11 2 7 8 4 10 14 1 5 15 13 16 18 9 17 19 6
9 14 5 4 6 1 7 2 15 10 3 18 16 8 19 11 12 13 17
7 10 8 6 5 1 9 3 2 4 14 15 19 11 13 12 17 16 18
9 3 2 5 15 13 14 1 19 4 18 6 10 17 8 16 7 11 12
1 13 2 11 12 9 14 15 5 10 16 7 6 19 3 4 8 17 18
4 8 13 5 3 11 1 6 7 9 19 17 10 2 12 14 18 16 15
1 11 12 7 14 5 2 19 13 4 3 18 6 8 9 10 17 15 16
7 19 13 18 4 1 3 2 6 8 5 17 9 10 11 14 12 16 15
7 16 12 19 18 1 2 3 6 8 11 5 9 14 13 4 15 10 17
17 13 6 2 19 5 7 1 3 4 8 9 18 10 14 15 16 11 12
7 5 6 3 4 8 10 2 9 1 14 18 15 11 16 13 12 19 17
7 6 3 8 10 2 1 9 15 4 5 11 14 17 12 19 16 13 18
1 9 5 2 3 4 6 7 11 12 10 8 17 16 15 13 18 14 19
7 15 5 3 13 8 6 4 1 9 2 10 18 14 17 16 19 11 12
7 8 17 18 11 3 1 15 9 12 10 2 4 19 6 5 13 14 16
8 14 2 7 5 3 1 16 6 11 4 10 9 15 13 18 17 12 19
1 19 12 5 4 6 18 2 3 9 11 10 7 8 13 14 15 16 17
11 1 12 19 3 2 4 6 17 8 13 5 7 9 10 14 16 15 18
11 5 9 3 1 18 16 17 2 19 6 4 12 10 7 8 13 14 15
7 8 2 12 11 1 3 5 4 9 6 10 13 15 18 19 17 14 16
1 2 14 9 13 3 12 17 4 5 11 15 10 16 8 7 19 6 18
8 9 17 5 11 2 7 6 18 10 1 3 16 4 12 14 13 19 15
15 3 5 9 6 18 4 10 13 8 1 7 2 17 16 14 19 11 12
5 2 8 15 6 1 12 13 3 10 7 9 18 4 17 16 19 11 14
2 1 19 17 7 8 18 15 4 5 11 3 6 9 10 16 13 12 14
4 7 2 8 11 12 13 14 5 16 9 15 10 1 6 3 17 18 19
9 4 5 11 18 3 17 15 1 10 7 19 2 6 8 12 13 14 16
8 1 3 12 13 2 4 5 6 10 7 9 11 14 16 15 17 18 19
13 15 1 18 5 16 6 9 7 17 11 19 8 12 10 2 14 4 3
5 19 9 11 1 17 2 12 13 14 7 3 18 8 15 4 16 10 6
7 5 1 11 17 18 12 2 3 14 6 4 19 8 10 9 13 15 16
8 1 6 7 9 11 10 2 5 15 12 13 4 14 3 16 17 18 19
10 12 7 11 1 16 2 3 6 13 5 19 4 15 9 8 14 18 17
4 7 11 8 9 1 5 10 19 15 17 6 2 13 14 3 18 16 12
14 3 4 7 15 1 13 2 8 5 6 10 9 11 12 17 16 19 18
1 5 7 8 9 10 11 6 2 3 4 16 19 15 17 18 12 13 14
5 2 8 1 6 10 3 4 7 9 14 15 16 13 17 11 12 18 19
2 1 3 5 4 7 6 8 9 13 10 16 19 17 14 11 18 15 12

3
3 1 2
1 2 3
1 3 2
3 1 2
2 1 3
1 3 2

11
2 7 5 9 4 8 1 6 3 10 11
7 9 8 3 10 2 4 5 1 6 11
7 11 3 1 4 6 5 2 8 10 9
5 11 1 7 8 2 4 3 9 6 10
2 1 11 4 5 3 6 9 8 10 7
7 3 5 2 8 1 6 4 11 9 10
1 5 3 2 9 4 7 8 6 10 11
11 8 1 2 7 5 6 3 4 9 10
9 7 2 8 6 10 1 3 11 4 5
1 2 4 7 6 8 3 5 9 10 11
1 5 11 2 4 3 6 7 8 9 10
11 2 1 5 3 4 6 7 8 9 10
11 3 5 7 4 2 8 1 6 10 9
5 11 1 3 2 4 6 10 7 8 9
6 5 1 8 3 2 7 9 4 11 10
9 6 2 8 1 3 4 5 11 7 10
5 1 7 6 2 11 8 4 3 9 10
5 2 11 1 8 6 4 7 3 10 9
1 2 7 3 4 5 6 11 8 9 10
1 5 4 7 8 6 9 2 10 11 3
9 1 5 3 11 2 4 6 7 8 10
5 4 8 7 2 1 3 11 6 10 9

7
1 2 4 5 3 6 7
3 4 1 2 5 7 6
5 1 7 2 3 6 4
7 1 2 3 4 5 6
2 4 1 7 5 6 3
3 5 6 7 4 1 2
1 5 6 7 2 4 3
1 2 7 3 4 5 6
3 1 4 2 7 5 6
5 4 1 2 6 3 7
1 7 5 2 3 4 6
1 2 3 5 6 7 4
5 3 2 4 1 7 6
5 6 7 2 3 1 4

17
11 13 14 12 16 15 7 9 17 2 5 6 1 3 4 8 10
11 5 6 3 1 2 4 15 12 7 9 8 13 17 10 14 16
2 7 1 3 4 16 5 12 8 6 13 9 11 10 14 17 15
3 11 5 6 14 4 1 7 2 8 9 12 10 13 16 15 17
12 5 17 7 2 16 11 13 1 14 6 4 3 8 10 15 9
4 17 14 8 5 1 16 3 11 13 12 6 2 7 15 9 10
12 3 6 5 17 4 1 7 11 2 8 9 14 10 15 13 16
2 15 1 5 11 4 12 6 3 14 9 8 7 10 17 13 16
10 15 9 11 5 1 2 6 3 8 4 7 16 17 12 13 14
1 3 4 7 2 8 5 9 6 10 11 15 16 12 13 14 17
17 11 14 9 12 10 15 8 13 16 1 6 2 3 4 5 7
4 7 16 1 2 8 15 9 3 6 10 11 5 13 12 14 17
5 6 1 3 11 4 2 7 8 17 13 10 9 15 16 12 14
16 6 4 3 10 11 1 9 5 2 7 8 13 12 17 14 15
13 14 5 1 9 8 11 12 7 16 6 10 15 2 3 4 17
6 1 9 8 17 10 3 2 7 13 4 5 14 12 11 16 15
3 5 7 13 15 1 6 2 8 16 10 14 17 12 11 4 9
17 2 6 16 4 13 3 1 5 12 11 9 14 8 10 7 15
4 10 13 8 3 1 5 9 14 6 2 7 17 11 12 16 15
5 14 7 11 6 16 2 8 9 12 15 10 17 13 1 3 4
5 6 4 1 3 2 7 9 8 10 12 11 16 17 13 14 15
17 3 16 15 11 2 12 9 8 13 14 4 7 10 1 5 6
17 7 6 1 2 3 8 11 10 9 13 16 5 14 12 4 15
11 3 8 2 10 7 13 4 9 1 14 5 12 6 16 15 17
6 11 12 14 3 5 4 1 17 15 9 2 13 16 7 8 10
15 1 2 7 17 16 9 13 3 11 4 14 5 6 8 10 12
17 13 7 12 11 9 1 10 15 3 8 5 4 2 6 14 16
1 14 5 2 17 6 13 11 12 9 3 7 4 10 15 8 16
1 11 7 12 17 6 3 8 9 2 10 4 5 13 14 16 15
1 2 3 11 9 4 12 15 5 13 6 10 7 8 14 16 17
3 9 5 15 17 8 7 11 10 16 13 12 14 6 2 4 1
8 16 7 1 17 9 10 6 13 2 11 4 5 15 3 14 12
5 13 17 1 6 9 3 14 12 15 2 16 4 11 7 8 10
7 6 5 8 9 2 3 4 1 10 11 12 13 14 15 16 17

16
3 9 2 1 4 6 7 8 5 10 15 16 12 14 11 13
2 5 1 12 3 4 6 7 13 8 10 9 14 15 11 16
2 5 10 7 13 1 6 9 3 8 4 14 11 12 15 16
6 3 4 1 7 5 2 8 12 9 11 10 13 14 15 16
11 8 1 2 10 7 6 3 4 5 16 12 9 14 13 15
8 1 9 2 7 3 11 14 13 12 4 15 6 5 10 16
3 10 2 5 9 6 1 4 7 8 13 14 11 12 16 15
5 14 3 9 13 2 1 11 4 12 6 7 8 16 15 10
1 9 2 4 11 12 10 16 5 13 3 6 15 14 7 8
5 2 6 13 11 8 3 4 9 1 15 7 16 14 12 10
1 5 9 12 3 2 4 13 8 14 15 6 7 16 10 11
7 1 3 2 4 5 8 6 15 9 11 14 12 10 13 16
9 10 5 12 6 3 4 8 2 1 7 11 13 14 15 16
13 15 3 6 9 1 11 7 2 12 4 5 8 14 10 16
9 8 10 15 1 6 3 2 4 5 16 7 12 13 11 14
11 9 1 2 4 3 12 7 6 5 10 8 15 16 14 13
10 3 1 2 9 4 12 14 8 11 5 6 7 15 16 13
5 6 3 13 9 1 10 7 4 12 2 11 14 15 8 16
7 2 1 4 8 10 11 12 9 13 14 3 15 6 16 5
2 1 5 3 4 6 8 7 13 15 10 12 14 16 11 9
2 1 10 4 3 14 5 6 16 7 8 9 11 12 15 13
10 5 8 14 11 3 6 16 7 1 2 4 15 12 9 13
3 2 5 1 4 6 11 9 10 7 8 12 15 14 13 16
3 2 1 15 4 5 6 7 8 14 13 9 10 11 16 12
9 10 5 3 12 6 11 13 1 14 2 16 8 4 15 7
1 9 5 6 2 3 11 10 4 12 8 7 13 14 15 16
14 1 2 9 4 3 5 6 10 8 7 12 11 13 15 16
1 7 16 6 9 10 5 8 2 4 3 12 15 11 13 14
12 4 15 5 11 10 9 3 13 14 6 1 16 2 7 8
1 16 2 3 4 7 8 5 15 6 12 13 11 9 10 14
7 5 6 8 11 1 9 2 4 3 10 13 12 15 14 16
5 3 6 1 2 4 7 11 9 8 13 12 14 16 10 15

13
13 1 2 4 7 8 3 5 6 9 10 11 12
13 7 9 3 10 5 2 8 1 11 4 6 12
9 10 1 2 13 11 12 8 3 5 6 4 7
3 6 9 1 4 2 5 13 7 8 10 12 11
1 9 7 5 2 10 11 3 13 4 6 8 12
1 7 10 9 2 4 3 5 11 13 6 8 12
1 6 2 3 9 4 5 7 8 11 12 10 13
5 8 12 6 11 3 10 1 2 13 4 7 9
12 2 1 3 4 7 10 13 11 9 6 5 8
1 11 8 13 7 12 2 6 5 10 3 4 9
13 10 11 2 1 3 5 4 9 6 7 8 12
1 2 5 6 12 3 9 4 11 7 8 10 13
2 9 1 10 3 4 11 5 7 8 6 12 13
9 2 7 8 5 6 1 4 3 11 10 13 12
2 9 1 13 4 3 6 8 10 11 12 5 7
6 1 8 11 7 5 2 3 4 10 13 9 12
3 6 4 2 1 5 7 8 13 9 10 11 12
13 9 4 1 3 10 2 12 5 6 11 7 8
13 3 1 7 9 10 11 5 12 8 2 4 6
9 1 7 2 3 4 6 5 8 10 11 12 13
9 10 7 2 1 13 3 4 5 8 11 6 12
9 13 11 12 5 10 6 2 1 3 4 7 8
12 5 6 11 10 9 13 1 7 8 2 4 3
1 11 2 3 8 13 9 10 5 4 12 7 6
4 1 5 2 6 3 10 7 8 12 9 13 11
3 5 1 12 7 2 13 6 8 11 9 4 10

17
7 3 16 11 9 17 8 2 14 12 10 1 15 4 6 5 13
1 5 3 11 6 4 2 8 9 10 12 7 16 17 13 15 14
6 5 15 8 7 1 2 3 4 10 12 17 13 9 11 14 16
5 11 8 12 7 3 14 9 1 2 4 13 10 15 16 6 17
11 17 9 1 16 7 8 12 6 15 13 10 2 14 3 4 5
3 5 10 14 6 1 4 17 2 12 7 11 16 8 9 13 15
12 1 15 5 2 3 8 4 11 16 7 13 14 9 17 10 6
1 4 8 2 6 11 3 15 12 5 9 16 17 10 7 13 14
3 16 5 8 12 1 11 2 4 7 13 9 14 6 10 15 17
1 7 11 12 9 10 2 4 15 13 14 17 8 16 5 3 6
6 17 16 8 15 2 14 10 1 5 3 7 12 4 13 11 9
13 2 15 1 17 6 9 11 12 7 16 4 3 8 14 5 10
17 1 9 5 13 14 6 2 7 8 10 4 3 11 12 15 16
16 9 13 1 11 3 2 12 4 5 6 10 14 8 15 7 17
16 11 1 5 6 15 3 4 9 2 17 10 12 13 7 8 14
9 1 10 5 8 7 2 4 11 12 16 3 6 14 17 13 15
17 16 4 5 7 1 15 10 6 12 2 9 13 3 14 8 11
4 7 1 2 3 13 9 17 11 6 5 8 14 15 10 16 12
12 13 4 2 6 9 15 5 10 11 7 1 3 8 14 16 17
1 13 17 8 3 5 7 14 9 6 11 12 2 4 15 16 10
1 11 3 12 2 4 6 7 13 8 14 9 10 5 17 15 16
11 7 8 1 9 10 5 2 3 4 12 6 14 13 16 17 15
2 1 3 4 16 5 6 15 10 7 14 8 9 17 11 12 13
17 15 8 9 11 5 12 13 7 1 16 10 2 4 6 14 3
2 7 1 5 6 13 4 12 3 10 16 9 8 11 14 15 17
1 5 4 6 7 2 3 8 17 10 9 14 15 16 12 11 13
1 11 16 9 5 6 4 2 7 10 12 3 8 14 13 15 17
8 11 7 12 15 4 6 16 10 13 9 2 14 1 3 17 5
11 8 3 5 6 2 1 4 7 9 10 15 14 17 12 13 16
16 6 7 8 1 12 10 11 15 3 2 5 4 9 14 13 17
7 14 5 8 11 12 13 9 16 15 3 17 1 10 4 2 6
11 3 13 1 12 14 17 16 8 15 2 7 9 6 10 4 5
7 6 8 13 15 9 3 1 10 4 2 14 5 11 12 17 16
6 15 16 11 5 1 14 10 2 7 12 8 9 3 4 13 17

13
13 2 9 10 1 12 3 4 5 6 7 8 11
9 7 1 3 13 2 4 8 6 5 11 10 12
10 1 2 13 4 9 12 5 3 6 7 8 11
13 10 3 4 1 5 2 6 7 8 12 11 9
9 4 10 5 11 1 13 2 3 7 8 6 12
5 12 2 8 10 1 3 9 6 11 4 13 7
12 1 6 2 10 13 9 7 5 4 11 3 8
2 13 1 11 3 5 4 8 6 9 7 10 12
9 1 3 2 4 5 6 8 13 10 7 12 11
6 5 9 2 1 10 7 11 3 4 12 13 8
11 3 2 1 13 4 5 6 8 7 10 12 9
6 1 2 10 11 4 3 7 5 9 8 13 12
1 2 9 10 4 3 5 8 6 7 13 12 11
11 9 13 5 8 7 3 6 4 1 10 2 12
3 1 13 9 6 5 12 10 7 8 4 2 11
2 1 4 3 7 8 13 10 6 5 9 11 12
9 10 3 1 11 4 13 2 5 6 7 12 8
6 10 2 9 3 4 11 5 7 13 1 12 8
1 5 2 9 3 4 7 10 13 12 6 11 8
1 2 8 13 5 9 10 6 3 4 12 7 11
1 10 2 3 4 9 8 6 7 5 13 11 12
4 3 11 9 7 2 10 12 1 13 6 8 5
1 7 9 12 2 4 6 5 10 3 8 11 13
1 3 5 2 8 13 7 11 12 4 10 6 9
1 5 13 2 6 7 8 4 9 3 12 11 10
2 3 1 11 9 4 5 12 10 6 8 7 13

8
8 2 3 4 1 7 5 6
6 5 7 2 1 3 4 8
2 4 1 3 5 8 6 7
1 2 3 5 4 7 6 8
1 6 2 4 3 7 8 5
8 5 1 2 4 3 6 7
2 4 1 3 5 6 8 7
5 2 6 1 4 8 3 7
2 3 1 6 4 7 8 5
1 4 3 5 8 2 6 7
1 7 2 3 5 4 6 8
7 1 2 8 4 3 5 6
1 2 3 4 5 6 7 8
1 5 3 2 4 7 6 8
6 4 1 2 3 7 8 5
3 1 2 4 6 5 7 8

13
9 3 1 10 11 4 12 2 7 8 6 5 13
2 11 7 5 1 10 8 9 13 3 12 4 6
2 1 3 4 13 10 9 5 6 7 11 8 12
13 12 4 3 1 10 9 11 2 6 7 8 5
3 9 1 2 4 10 5 6 8 7 11 12 13
2 10 1 4 3 7 9 8 13 5 6 11 12
12 13 9 5 2 1 7 10 11 4 8 3 6
9 13 1 2 10 3 4 11 12 5 8 6 7
4 6 13 1 9 11 10 12 2 3 7 8 5
8 4 7 1 2 3 5 6 13 12 9 10 11
4 6 13 8 3 2 9 5 11 7 1 12 10
11 2 13 5 12 3 1 4 6 7 8 9 10
6 9 13 5 3 4 1 7 11 2 8 12 10
13 9 1 7 2 10 3 11 12 4 6 5 8
1 2 5 13 10 4 11 3 7 6 9 12 8
13 3 4 2 9 1 6 5 7 8 11 12 10
8 13 9 2 1 3 4 5 12 6 7 10 11
7 9 6 10 12 3 5 4 11 1 2 8 13
11 1 5 12 2 8 13 9 4 3 6 7 10
9 10 13 1 3 2 11 4 6 7 5 8 12
7 1 2 4 3 6 13 11 5 8 12 9 10
13 1 3 2 9 10 11 5 6 12 7 8 4
9 10 3 7 8 2 6 5 1 4 13 11 12
9 6 13 10 11 12 8 5 3 7 1 2 4
2 7 5 6 3 8 13 4 1 11 12 9 10
4 9 13 3 6 10 5 8 1 12 7 11 2

8
2 1 3 4 5 6 7 8
8 3 6 7 1 5 2 4
6 1 2 3 4 5 7 8
3 4 1 2 8 5 7 6
2 5 1 3 4 6 8 7
2 3 1 4 5 6 8 7
1 3 5 2 6 7 8 4
2 1 3 4 5 7 6 8
1 3 6 2 7 4 8 5
1 2 3 6 4 5 7 8
1 5 6 7 2 3 8 4
3 1 2 5 4 7 6 8
2 1 4 3 5 6 7 8
3 2 7 1 6 4 5 8
2 1 3 4 7 8 5 6
3 1 4 2 7 6 5 8

24
13 17 23 9 14 24 3 18 19 10 1 7 2 6 5 8 4 11 12 16 20 15 21 22
20 1 2 7 5 23 6 4 24 3 11 12 19 8 9 10 22 14 13 18 15 16 17 21
14 19 17 1 15 18 11 2 13 12 24 9 7 8 5 16 20 3 10 6 21 4 22 23
15 19 16 7 13 20 14 18 17 21 23 22 4 5 10 24 3 1 11 2 8 6 9 12
2 7 8 17 12 4 6 11 14 5 13 23 16 1 3 10 9 19 15 20 18 24 21 22
17 13 14 18 10 15 6 16 1 5 20 19 2 3 7 21 22 24 23 4 8 9 12 11
15 19 14 6 4 23 1 5 3 2 20 11 13 12 9 16 7 8 17 10 18 24 21 22
17 1 13 10 5 23 6 4 14 7 18 2 3 8 9 11 12 20 22 19 21 24 15 16
6 1 5 2 9 4 3 8 18 7 10 21 11 23 22 12 20 15 13 24 16 17 14 19
16 14 20 12 15 2 3 18 19 7 22 8 13 5 6 21 1 24 4 23 9 10 11 17
24 5 21 1 2 23 3 11 7 18 4 6 9 8 12 10 13 14 15 17 16 19 22 20
5 18 2 1 6 23 21 14 4 3 7 8 9 19 10 17 12 11 16 15 13 22 24 20
5 7 6 4 17 23 13 22 24 1 21 12 2 3 20 11 8 9 10 19 18 16 14 15
3 1 23 2 24 19 14 17 13 20 12 15 6 5 7 11 18 4 8 9 10 16 21 22
6 2 21 1 14 9 15 3 7 5 4 11 10 8 13 12 17 16 18 22 19 20 23 24
11 23 13 21 18 10 9 12 5 8 7 6 2 1 4 3 24 19 16 22 20 14 15 17
22 1 13 2 5 6 3 23 12 4 11 9 24 7 10 8 14 15 18 20 16 17 21 19
3 9 5 14 12 15 6 19 11 4 10 18 13 2 1 7 8 20 16 22 17 21 23 24
5 9 13 17 1 7 4 18 21 3 10 8 2 14 11 6 12 15 19 23 16 20 22 24
8 11 5 15 14 16 1 22 19 12 6 23 2 13 20 7 3 4 9 10 18 17 21 24
1 14 9 3 4 2 5 17 11 7 8 6 13 16 10 12 18 15 24 23 20 19 21 22
12 5 1 10 7 13 2 14 17 8 18 16 15 23 21 19 22 24 6 4 20 3 9 11
5 1 2 7 6 3 4 11 8 12 9 10 13 19 20 14 15 23 16 18 17 24 21 22
15 2 9 1 4 14 5 3 6 11 17 19 10 7 8 12 23 13 16 18 24 20 22 21
7 5 8 4 2 6 10 23 9 12 3 13 1 11 24 21 16 14 19 22 15 20 17 18
13 23 9 1 7 6 14 16 5 2 15 11 17 3 4 21 12 10 18 8 24 22 19 20
17 1 6 5 8 7 13 2 4 9 3 11 21 10 12 14 19 20 22 23 24 15 16 18
17 13 20 2 5 3 6 7 8 1 4 11 9 10 12 14 18 24 23 15 16 19 22 21
6 5 1 3 4 19 2 16 17 14 10 7 8 21 11 12 18 13 15 20 9 24 23 22
13 6 3 7 8 16 14 5 15 23 17 9 18 1 20 2 4 10 19 11 24 12 21 22
15 1 13 6 8 3 4 2 16 5 11 9 23 14 7 10 12 24 19 18 17 22 20 21
6 5 12 2 13 20 23 21 1 3 24 4 7 11 15 14 8 9 22 16 10 17 18 19
4 15 8 11 2 16 20 14 7 3 13 1 12 9 5 6 21 10 17 19 18 22 23 24
1 12 2 20 4 11 3 5 19 6 10 9 24 8 7 17 21 22 15 18 13 23 14 16
3 5 15 4 1 23 19 20 22 2 6 9 24 21 12 10 8 11 7 16 14 17 18 13
1 21 7 16 5 17 8 18 6 9 2 3 4 10 12 11 13 14 19 15 23 20 22 24
5 13 1 14 2 6 3 8 24 4 11 10 16 7 9 12 17 18 15 21 23 22 19 20
14 1 18 7 13 3 4 6 17 9 5 2 8 10 23 11 12 15 16 21 24 22 19 20
10 18 5 9 6 1 17 7 12 2 14 3 15 4 8 11 23 13 19 16 20 24 21 22
13 4 14 8 1 7 23 15 16 2 3 17 5 6 10 9 12 11 20 18 24 19 21 22
7 9 5 6 8 3 1 12 2 4 10 11 23 15 14 13 17 18 20 19 22 16 24 21
2 6 7 8 3 12 19 1 4 5 14 9 23 13 10 11 17 20 22 15 16 18 21 24
20 3 1 19 17 13 12 4 2 5 11 6 8 14 9 7 18 10 15 21 16 23 22 24
3 5 10 6 4 1 24 2 7 11 12 8 9 13 18 17 21 14 15 16 22 23 19 20
5 6 15 1 16 7 23 14 13 2 8 9 10 4 17 11 19 3 12 18 24 20 21 22
3 4 2 23 19 5 6 1 20 9 7 8 17 12 10 21 11 22 24 16 15 13 14 18
9 1 2 10 8 7 12 11 13 5 6 3 4 18 14 16 19 15 21 17 22 20 23 24
8 21 12 4 2 1 3 5 13 17 22 6 14 18 7 10 9 11 16 19 15 20 23 24

25
17 16 1 9 5 25 2 19 3 22 4 15 18 6 21 7 20 8 10 11 24 12 13 23 14
11 5 1 3 19 4 2 6 7 9 8 14 12 13 10 16 15 17 20 18 21 25 22 23 24
12 1 13 10 11 6 24 2 21 9 16 23 3 4 15 14 5 8 7 25 19 17 18 22 20
9 10 12 11 25 2 5 13 1 17 24 14 21 4 19 3 6 7 8 16 20 18 15 22 23
19 21 1 2 15 11 12 16 23 17 25 3 18 4 9 20 22 7 24 8 10 14 5 13 6
2 1 15 19 3 4 16 7 5 6 8 18 9 12 21 11 17 20 10 14 23 24 13 22 25
6 1 14 19 15 16 11 18 20 17 2 12 9 5 13 3 8 25 4 10 7 21 22 23 24
6 13 14 2 5 3 20 1 11 4 16 10 8 9 12 15 25 7 23 19 21 22 18 17 24
7 10 4 6 1 5 13 8 3 14 2 9 11 12 21 22 19 15 23 24 25 16 17 18 20
13 1 25 17 21 2 3 7 19 4 8 15 6 20 16 18 9 10 5 11 12 14 22 23 24
1 3 19 14 20 13 2 9 11 18 10 4 12 17 16 7 6 8 15 5 25 22 21 24 23
3 25 12 4 1 7 10 11 2 6 20 9 14 5 13 8 15 18 21 16 19 17 22 23 24
14 5 2 4 25 7 1 10 19 9 6 22 3 11 15 16 12 17 8 13 20 18 21 23 24
17 19 18 25 15 16 21 22 23 20 6 9 5 10 1 2 4 7 12 8 24 3 11 14 13
11 7 2 3 8 24 15 13 4 19 16 10 1 17 5 21 6 14 12 9 20 22 23 25 18
3 4 15 12 25 10 2 13 16 11 7 1 21 8 22 6 9 5 14 19 17 18 23 20 24
13 19 3 11 2 4 17 7 15 1 6 5 8 20 9 22 10 12 14 18 16 25 23 21 24
3 14 1 13 4 16 2 23 20 11 6 22 15 5 8 17 10 7 9 19 12 18 25 21 24
17 19 20 9 5 15 16 6 18 2 4 3 13 1 10 7 8 22 14 11 12 21 25 23 24
9 1 6 2 7 3 17 8 4 11 12 5 15 10 13 25 14 16 18 19 20 21 22 23 24
4 23 1 7 20 2 25 6 9 11 3 5 16 13 10 8 14 12 24 21 22 15 17 18 19
1 21 16 15 9 2 17 18 10 4 3 22 6 7 23 19 5 11 8 20 13 25 24 12 14
20 2 9 1 3 6 4 25 15 5 14 8 19 7 21 16 10 13 12 18 11 17 22 24 23
9 11 17 10 1 5 7 6 2 12 4 8 13 3 14 15 23 16 18 19 20 21 22 25 24
3 9 21 2 13 18 4 1 17 5 25 6 8 15 7 14 10 11 23 12 16 22 19 20 24
25 15 1 22 21 2 16 5 3 19 17 18 4 20 8 6 23 7 9 24 13 10 14 12 11
2 6 16 13 10 3 1 7 19 12 4 5 8 14 11 9 15 22 20 18 17 21 24 23 25
9 1 11 21 6 5 4 8 3 10 7 13 2 12 14 20 15 19 22 16 17 23 18 24 25
1 15 10 2 3 20 9 17 19 14 5 11 12 6 4 13 16 18 7 8 21 25 23 22 24
1 5 7 18 9 20 19 2 10 12 6 11 8 17 4 25 3 21 22 14 23 15 13 16 24
2 10 1 16 3 9 19 4 5 11 15 7 20 8 6 12 13 18 14 17 23 25 21 22 24
2 25 14 1 3 13 15 6 4 5 7 11 8 10 9 12 21 20 16 17 18 22 19 23 24
3 15 8 16 18 2 14 9 17 25 4 19 1 20 5 23 21 22 24 7 6 10 11 12 13
9 1 15 2 11 13 4 3 7 5 20 25 6 16 8 10 14 12 17 23 21 19 18 22 24
11 19 2 9 1 23 17 10 15 25 12 14 6 16 13 3 4 7 5 8 20 21 18 22 24
1 2 4 3 23 5 25 7 11 13 15 6 8 16 9 10 14 12 20 17 18 19 21 24 22
13 9 15 1 14 11 12 2 10 16 17 5 18 7 19 22 20 3 23 4 6 8 21 24 25
13 9 7 14 16 10 11 15 12 5 2 17 3 21 6 1 20 18 22 8 4 23 19 24 25
18 25 23 19 3 17 24 16 1 13 2 10 20 4 5 8 22 6 7 14 9 11 15 21 12
3 17 5 7 1 25 10 4 9 15 2 16 8 18 19 11 6 14 20 22 12 13 21 23 24
17 11 13 1 14 18 15 2 21 4 25 19 3 5 7 16 6 8 12 22 23 9 10 20 24
25 20 8 21 10 6 23 5 19 3 15 4 16 7 13 9 24 1 11 12 2 14 22 18 17
21 22 17 5 13 1 18 2 6 3 4 8 7 11 14 12 10 9 19 23 15 16 20 25 24
3 4 14 1 7 2 11 8 6 5 13 12 19 15 9 10 20 16 17 18 21 22 24 23 25
25 10 5 6 1 3 2 4 7 8 13 9 14 11 12 15 19 22 20 21 16 17 18 23 24
20 1 2 10 6 21 8 22 3 4 7 5 9 13 14 11 12 19 16 24 25 23 17 15 18
3 1 4 11 2 21 12 9 10 17 25 16 22 7 6 23 8 19 13 5 14 15 18 20 24
19 1 5 6 20 7 10 8 2 12 3 18 4 13 16 9 17 11 14 15 24 21 23 25 22
8 1 10 9 5 11 2 6 12 3 14 4 15 13 7 19 21 18 17 16 20 25 23 22 24
20 5 1 2 13 4 25 3 15 6 9 7 14 8 10 19 12 18 16 11 23 17 21 22 24

4
1 2 3 4
2 1 3 4
3 1 2 4
4 1 3 2
1 3 4 2
1 3 4 2
4 1 2 3
3 2 1 4

15
11 1 2 15 3 4 5 7 6 8 13 14 10 12 9
5 2 10 9 1 11 6 4 13 3 7 8 12 14 15
2 6 1 3 4 5 9 7 8 15 13 12 10 11 14
3 6 14 13 15 11 12 10 5 9 1 2 4 8 7
2 3 7 12 1 10 8 15 4 14 9 5 6 11 13
7 3 1 4 15 2 8 5 10 9 6 12 11 14 13
3 2 6 10 7 13 9 11 4 15 5 8 12 1 14
3 5 1 7 6 4 8 2 9 10 14 13 11 15 12
1 11 3 5 6 12 2 7 13 4 8 10 15 9 14
9 3 1 2 6 13 10 4 11 12 5 8 7 14 15
1 13 7 9 2 3 6 5 8 14 10 4 11 12 15
5 9 15 1 11 2 6 13 14 3 12 10 7 4 8
9 11 2 13 7 1 14 3 5 10 12 4 8 15 6
1 13 7 5 2 15 4 3 6 8 9 14 10 12 11
3 5 7 14 11 13 9 6 8 12 1 15 10 4 2
3 6 2 1 4 5 7 8 10 9 11 15 14 13 12
5 1 6 2 3 7 4 9 12 8 10 11 15 14 13
15 11 3 8 7 13 1 2 14 6 4 5 12 9 10
10 9 3 1 4 2 5 11 6 7 8 12 15 14 13
1 3 2 4 10 5 6 7 8 9 13 14 11 12 15
13 7 2 8 6 1 14 3 4 5 15 9 11 12 10
7 3 5 13 4 9 6 2 1 10 8 11 12 15 14
5 1 6 8 7 2 4 3 9 13 10 15 12 11 14
12 9 4 13 10 7 3 1 2 5 8 6 11 15 14
9 10 1 3 2 4 7 8 5 6 13 12 14 11 15
9 14 2 12 1 4 11 5 10 6 3 8 7 13 15
5 9 6 10 7 11 8 12 13 14 15 3 4 1 2
1 12 11 7 2 3 9 4 10 15 14 13 8 6 5
1 12 8 6 3 15 2 4 7 5 11 9 13 10 14
11 5 13 2 7 14 1 4 15 9 12 3 8 6 10

8
6 4 1 2 3 5 8 7
7 5 6 1 2 8 3 4
3 5 7 1 2 4 6 8
4 1 8 7 2 3 5 6
5 6 8 2 3 4 7 1
1 7 5 2 3 4 6 8
1 2 3 4 5 6 7 8
1 7 2 4 3 5 6 8
3 1 2 4 5 6 7 8
7 4 1 5 2 8 3 6
2 1 3 4 6 7 5 8
5 2 1 4 3 6 7 8
5 6 3 7 4 1 8 2
1 2 3 4 6 5 8 7
5 3 6 7 4 2 8 1
5 7 6 4 8 1 3 2

5
5 2 3 1 4
1 5 2 4 3
1 2 5 3 4
4 2 3 1 5
2 5 3 1 4
2 1 4 3 5
1 5 3 2 4
1 5 3 4 2
5 2 1 4 3
1 5 2 4 3

15
2 12 3 4 11 6 10 1 5 7 9 8 13 14 15
15 3 1 2 13 6 14 9 5 4 7 8 10 11 12
1 10 2 14 8 4 3 5 6 7 15 9 13 11 12
5 1 6 7 13 2 3 14 4 9 8 10 12 15 11
13 14 11 10 4 9 12 1 15 2 6 7 5 3 8
3 6 2 4 9 10 1 7 5 8 12 11 15 13 14
4 15 7 11 2 1 9 10 12 13 14 3 8 5 6
2 3 1 4 15 6 5 13 7 8 9 10 14 11 12
15 13 5 4 9 14 2 3 6 10 11 1 8 12 7
13 4 3 7 12 8 6 2 15 5 14 11 1 9 10
1 15 14 13 6 10 2 3 12 9 11 4 8 7 5
15 1 3 6 4 2 5 7 8 10 9 12 11 13 14
3 6 5 4 1 2 8 9 12 11 7 13 10 15 14
1 15 12 2 9 4 14 10 3 5 11 7 13 8 6
10 1 3 9 6 2 5 7 8 4 11 12 14 15 13
5 11 12 6 8 7 2 1 3 9 10 4 13 14 15
14 3 4 9 1 10 2 5 6 7 15 8 11 13 12
1 5 8 6 15 2 4 3 13 7 12 9 11 10 14
4 13 5 1 2 3 6 10 7 8 15 9 14 11 12
13 6 8 1 4 15 9 10 2 3 5 12 7 14 11
11 6 13 9 1 12 2 3 8 10 14 15 4 5 7
3 13 15 5 4 9 6 11 1 2 7 12 8 10 14
5 13 8 1 2 9 3 4 14 6 7 15 10 11 12
5 2 9 1 10 8 13 11 6 3 7 12 4 14 15
8 9 15 3 10 13 14 7 11 2 1 12 4 6 5
9 11 12 7 1 8 2 4 13 6 3 5 10 14 15
5 7 6 8 1 10 2 9 3 4 12 11 15 13 14
1 7 2 14 3 4 6 5 8 13 15 9 10 12 11
11 2 5 6 1 13 8 9 15 7 3 4 10 14 12
10 1 14 4 9 6 12 5 13 2 11 3 8 15 7

24
7 8 5 1 6 9 14 2 4 19 3 13 10 20 12 11 17 15 18 16 22 23 24 21
5 23 24 9 12 11 6 7 8 4 1 2 15 13 3 10 17 16 18 14 19 21 20 22
5 6 1 2 4 15 3 13 7 9 19 8 14 10 11 12 16 20 18 17 22 21 23 24
12 13 1 4 10 14 15 8 5 6 3 23 22 2 7 9 11 16 18 17 19 20 21 24
6 24 13 1 8 7 11 4 5 21 17 15 2 22 3 12 19 9 14 16 18 23 10 20
20 3 12 13 15 5 17 4 7 1 2 16 6 14 11 18 9 8 10 21 22 19 23 24
17 2 1 19 15 4 5 7 6 8 9 23 3 18 10 12 11 24 20 16 22 13 21 14
5 6 9 12 20 18 1 3 8 2 4 7 13 23 10 11 14 15 16 19 21 22 17 24
3 18 11 2 15 7 9 12 1 16 8 13 4 6 5 10 17 14 20 24 21 19 23 22
11 2 20 1 3 7 14 17 5 4 6 8 10 12 9 15 13 16 23 18 19 21 22 24
1 9 7 14 8 2 6 19 4 5 15 3 10 11 13 18 12 16 20 22 17 21 23 24
15 11 1 5 2 4 23 3 6 12 7 8 9 13 16 10 24 19 14 18 17 20 21 22
1 2 3 4 20 19 21 22 5 6 23 24 7 8 9 10 11 12 13 14 15 16 17 18
4 19 5 2 6 11 1 20 10 14 12 3 9 8 17 7 13 21 18 22 16 15 23 24
15 1 16 2 19 10 3 12 7 4 11 5 8 6 9 13 14 23 17 22 18 20 21 24
14 11 12 20 2 16 19 3 6 1 5 7 4 8 10 9 22 15 13 21 17 18 23 24
11 1 2 4 21 6 7 20 12 8 3 5 9 13 10 17 19 22 16 24 23 14 15 18
5 7 13 21 14 8 9 15 11 2 1 3 6 24 4 10 12 19 16 18 17 23 22 20
2 5 9 15 6 17 1 10 4 11 19 3 20 23 13 21 18 14 16 22 12 24 7 8
3 4 13 9 11 12 8 1 2 5 6 7 10 14 17 16 18 15 21 19 22 20 24 23
12 15 5 6 13 3 23 14 1 4 24 16 7 11 2 8 9 10 18 17 20 19 21 22
23 7 9 13 14 2 10 1 8 16 11 3 5 21 24 12 22 6 4 19 20 15 17 18
13 22 1 7 2 6 4 3 11 5 24 23 8 10 17 18 19 20 12 9 15 14 16 21
23 21 13 8 5 3 24 6 2 10 17 4 9 7 1 11 15 12 16 19 18 20 22 14
15 17 5 1 13 14 6 2 8 3 18 4 7 10 9 11 12 16 19 20 23 24 22 21
6 3 23 2 13 19 16 5 7 17 1 8 14 18 10 11 15 4 9 12 20 21 24 22
7 19 12 2 10 15 8 5 11 9 1 6 4 3 17 18 16 20 22 13 14 21 23 24
1 18 6 15 16 5 2 4 17 14 10 3 9 12 8 7 13 11 20 21 19 22 23 24
8 1 9 21 18 6 7 2 10 5 3 4 11 12 19 13 14 15 16 23 17 20 22 24
1 23 13 5 2 6 3 8 15 24 4 7 14 18 11 20 17 10 9 16 12 21 22 19
13 9 1 2 6 5 4 24 3 7 10 14 8 12 11 15 16 23 17 18 21 22 19 20
8 5 12 15 2 13 14 9 3 16 18 4 10 19 11 7 1 17 6 20 23 24 21 22
2 1 23 22 13 17 5 3 4 6 10 11 12 7 9 18 15 8 24 20 14 16 19 21
1 8 14 2 4 18 13 15 16 3 6 5 9 11 19 7 10 12 17 23 22 24 20 21
13 1 2 17 8 15 6 11 5 7 9 14 3 18 16 4 10 21 12 19 20 22 23 24
3 6 7 16 12 5 4 14 2 13 1 15 24 17 8 11 9 10 18 23 19 20 22 21
13 14 10 3 7 12 4 15 9 16 17 18 2 5 11 8 1 6 24 22 23 20 19 21
2 7 1 4 3 5 19 6 12 11 8 17 10 9 18 15 20 16 23 13 21 14 22 24
12 18 11 2 7 13 10 5 1 6 8 23 14 3 9 16 15 4 22 24 17 19 20 21
23 11 1 7 5 24 8 18 17 15 2 9 10 6 4 3 19 12 21 20 13 22 16 14
1 12 21 14 20 22 18 13 2 17 16 9 15 23 24 5 19 6 11 3 4 8 7 10
8 1 7 2 9 12 5 3 10 6 4 11 23 24 17 18 13 14 16 15 21 20 19 22
3 23 17 11 1 4 2 19 12 18 5 6 7 13 20 8 10 9 14 21 24 16 15 22
2 6 4 1 19 9 5 8 11 20 7 3 10 12 15 14 17 16 13 18 22 21 23 24
16 1 2 7 13 4 3 10 8 14 9 11 20 5 12 6 15 23 17 19 18 21 24 22
1 6 10 2 4 14 3 17 5 9 7 8 21 12 11 13 22 24 15 19 23 16 18 20
5 6 1 2 3 15 7 4 9 19 8 13 20 18 14 23 12 16 11 17 10 22 24 21
11 10 19 5 6 1 9 2 14 17 4 12 8 3 20 7 23 18 13 24 15 16 22 21

16
1 2 6 3 5 4 8 7 9 13 11 14 12 16 10 15
13 8 1 2 3 9 10 7 4 5 6 15 12 11 14 16
7 15 1 13 8 4 9 16 5 14 3 6 2 10 11 12
1 15 3 2 4 5 10 7 9 11 13 12 8 6 14 16
13 4 9 2 3 10 8 11 1 6 5 7 15 16 14 12
2 1 5 9 3 4 6 7 14 8 10 15 11 12 13 16
1 4 13 5 3 2 6 15 14 7 10 8 16 9 11 12
3 8 9 4 6 2 10 5 12 13 11 14 15 1 7 16
15 9 5 10 3 13 1 4 6 8 7 2 12 11 16 14
11 3 12 16 1 4 6 2 5 7 8 14 10 15 13 9
1 3 7 5 9 6 4 8 2 10 12 11 14 13 16 15
2 1 4 9 13 3 5 12 6 8 7 11 14 10 15 16
1 7 9 5 10 11 6 8 3 4 2 12 16 15 14 13
3 4 5 15 2 9 1 6 7 10 12 8 11 16 14 13
10 11 6 1 5 2 9 15 3 4 7 12 8 14 13 16
12 1 2 4 11 5 15 3 6 14 7 8 9 10 13 16
1 2 3 14 7 4 11 13 8 5 6 9 12 10 16 15
11 1 9 2 3 12 4 6 5 8 7 10 14 13 15 16
11 12 3 1 5 2 15 4 6 9 7 8 10 13 14 16
4 11 12 1 9 3 2 10 5 13 14 16 15 6 7 8
7 9 5 2 11 10 6 12 15 3 4 8 16 13 14 1
3 1 4 13 2 11 14 9 5 6 12 8 10 7 15 16
9 5 1 6 2 7 8 10 3 4 12 14 13 11 15 16
1 7 3 2 6 4 5 8 14 10 12 11 13 9 16 15
1 2 6 4 9 15 5 10 11 12 13 14 3 16 8 7
7 13 8 1 3 2 14 6 4 5 16 12 15 9 10 11
1 10 9 7 2 4 6 3 8 5 12 11 16 14 13 15
9 1 3 4 6 15 2 10 12 11 5 7 8 16 13 14
1 9 13 8 6 7 11 10 5 2 14 3 12 4 15 16
5 1 4 8 9 2 3 7 6 10 11 15 12 14 16 13
9 10 1 14 2 3 4 6 12 5 11 7 8 13 15 16
11 3 10 12 9 4 1 13 6 2 5 7 8 15 14 16

16
13 7 9 5 6 3 8 2 4 1 14 10 11 15 12 16
6 5 2 13 7 1 3 4 8 10 9 15 14 16 11 12
9 2 4 3 1 5 6 7 8 10 11 12 13 14 16 15
3 5 1 6 2 4 9 10 7 8 11 12 14 13 15 16
3 11 2 1 4 6 5 7 12 8 13 14 15 16 9 10
3 2 14 4 1 6 5 7 8 10 11 9 12 13 16 15
2 1 3 4 5 12 11 9 6 7 8 16 10 13 14 15
4 2 13 14 10 12 7 1 15 3 6 5 8 9 16 11
1 5 9 4 10 11 3 14 12 2 6 13 8 7 15 16
3 11 1 5 2 4 6 15 16 14 7 12 8 9 13 10
10 13 11 3 6 12 1 2 9 14 4 7 5 8 15 16
15 1 5 8 2 10 9 3 12 4 6 11 7 16 13 14
1 7 2 9 3 10 11 5 4 12 6 8 15 13 14 16
15 13 6 5 14 9 16 3 1 2 10 4 11 8 12 7
2 5 1 9 13 12 4 6 11 7 8 14 10 3 16 15
8 2 9 4 1 3 7 11 6 12 15 5 10 13 16 14
9 11 16 1 2 10 7 5 3 4 6 8 12 13 15 14
1 5 2 4 14 7 3 6 8 9 13 15 10 11 12 16
2 3 1 4 9 10 5 6 7 8 14 12 11 13 15 16
13 14 5 9 1 8 4 2 3 7 6 10 12 15 11 16
5 1 13 2 12 3 4 6 8 7 11 9 14 10 16 15
3 5 2 8 1 4 16 10 6 7 12 9 11 13 15 14
9 10 11 4 1 5 12 2 13 3 14 6 15 8 7 16
2 3 11 5 13 1 9 4 10 6 7 12 8 16 15 14
3 1 7 16 9 5 2 4 10 11 12 13 8 6 15 14
10 6 1 2 5 3 8 7 4 13 14 11 16 9 12 15
2 4 3 1 11 13 7 10 6 5 8 12 9 14 15 16
1 2 9 3 5 4 7 11 8 6 13 10 14 12 15 16
4 2 3 5 1 6 7 8 9 10 11 12 15 13 14 16
11 10 5 9 4 13 12 6 7 3 2 8 1 14 15 16
4 16 3 1 2 7 10 5 6 8 9 14 13 12 11 15
16 2 9 5 1 6 7 3 15 8 10 4 12 11 13 14
